{
 "cells": [
  {
   "cell_type": "code",
   "execution_count": 17,
   "metadata": {},
   "outputs": [
    {
     "name": "stderr",
     "output_type": "stream",
     "text": [
      "[*********************100%%**********************]  6 of 6 completed\n"
     ]
    },
    {
     "data": {
      "text/html": [
       "<div>\n",
       "<style scoped>\n",
       "    .dataframe tbody tr th:only-of-type {\n",
       "        vertical-align: middle;\n",
       "    }\n",
       "\n",
       "    .dataframe tbody tr th {\n",
       "        vertical-align: top;\n",
       "    }\n",
       "\n",
       "    .dataframe thead th {\n",
       "        text-align: right;\n",
       "    }\n",
       "</style>\n",
       "<table border=\"1\" class=\"dataframe\">\n",
       "  <thead>\n",
       "    <tr style=\"text-align: right;\">\n",
       "      <th>Ticker</th>\n",
       "      <th>AAPL</th>\n",
       "      <th>BRK-B</th>\n",
       "      <th>BTC-USD</th>\n",
       "      <th>GC=F</th>\n",
       "      <th>GOOGL</th>\n",
       "      <th>PFE.DE</th>\n",
       "    </tr>\n",
       "    <tr>\n",
       "      <th>Date</th>\n",
       "      <th></th>\n",
       "      <th></th>\n",
       "      <th></th>\n",
       "      <th></th>\n",
       "      <th></th>\n",
       "      <th></th>\n",
       "    </tr>\n",
       "  </thead>\n",
       "  <tbody>\n",
       "    <tr>\n",
       "      <th>2017-01-04</th>\n",
       "      <td>-0.001119</td>\n",
       "      <td>0.001526</td>\n",
       "      <td>0.106233</td>\n",
       "      <td>0.002930</td>\n",
       "      <td>-0.000297</td>\n",
       "      <td>0.000474</td>\n",
       "    </tr>\n",
       "    <tr>\n",
       "      <th>2017-01-05</th>\n",
       "      <td>0.005085</td>\n",
       "      <td>-0.004754</td>\n",
       "      <td>-0.122410</td>\n",
       "      <td>0.013662</td>\n",
       "      <td>0.006499</td>\n",
       "      <td>-0.004895</td>\n",
       "    </tr>\n",
       "    <tr>\n",
       "      <th>2017-01-06</th>\n",
       "      <td>0.011148</td>\n",
       "      <td>0.000674</td>\n",
       "      <td>-0.109711</td>\n",
       "      <td>-0.006612</td>\n",
       "      <td>0.014994</td>\n",
       "      <td>0.007299</td>\n",
       "    </tr>\n",
       "    <tr>\n",
       "      <th>2017-01-09</th>\n",
       "      <td>0.009160</td>\n",
       "      <td>-0.008506</td>\n",
       "      <td>0.000695</td>\n",
       "      <td>0.009898</td>\n",
       "      <td>0.002387</td>\n",
       "      <td>-0.001260</td>\n",
       "    </tr>\n",
       "    <tr>\n",
       "      <th>2017-01-10</th>\n",
       "      <td>0.001008</td>\n",
       "      <td>-0.003395</td>\n",
       "      <td>0.005373</td>\n",
       "      <td>0.000591</td>\n",
       "      <td>-0.001414</td>\n",
       "      <td>-0.004259</td>\n",
       "    </tr>\n",
       "    <tr>\n",
       "      <th>...</th>\n",
       "      <td>...</td>\n",
       "      <td>...</td>\n",
       "      <td>...</td>\n",
       "      <td>...</td>\n",
       "      <td>...</td>\n",
       "      <td>...</td>\n",
       "    </tr>\n",
       "    <tr>\n",
       "      <th>2019-12-19</th>\n",
       "      <td>0.001000</td>\n",
       "      <td>0.000889</td>\n",
       "      <td>-0.010164</td>\n",
       "      <td>0.003803</td>\n",
       "      <td>0.003351</td>\n",
       "      <td>0.005747</td>\n",
       "    </tr>\n",
       "    <tr>\n",
       "      <th>2019-12-20</th>\n",
       "      <td>-0.002071</td>\n",
       "      <td>0.004884</td>\n",
       "      <td>0.002217</td>\n",
       "      <td>-0.002368</td>\n",
       "      <td>-0.003848</td>\n",
       "      <td>0.020000</td>\n",
       "    </tr>\n",
       "    <tr>\n",
       "      <th>2019-12-23</th>\n",
       "      <td>0.016318</td>\n",
       "      <td>-0.003668</td>\n",
       "      <td>0.018952</td>\n",
       "      <td>0.005289</td>\n",
       "      <td>-0.000437</td>\n",
       "      <td>-0.008403</td>\n",
       "    </tr>\n",
       "    <tr>\n",
       "      <th>2019-12-27</th>\n",
       "      <td>0.020423</td>\n",
       "      <td>0.002927</td>\n",
       "      <td>-0.008910</td>\n",
       "      <td>0.021113</td>\n",
       "      <td>0.002969</td>\n",
       "      <td>0.000000</td>\n",
       "    </tr>\n",
       "    <tr>\n",
       "      <th>2019-12-30</th>\n",
       "      <td>0.005935</td>\n",
       "      <td>-0.001680</td>\n",
       "      <td>0.000399</td>\n",
       "      <td>0.000462</td>\n",
       "      <td>-0.011021</td>\n",
       "      <td>-0.002825</td>\n",
       "    </tr>\n",
       "  </tbody>\n",
       "</table>\n",
       "<p>736 rows × 6 columns</p>\n",
       "</div>"
      ],
      "text/plain": [
       "Ticker          AAPL     BRK-B   BTC-USD      GC=F     GOOGL    PFE.DE\n",
       "Date                                                                  \n",
       "2017-01-04 -0.001119  0.001526  0.106233  0.002930 -0.000297  0.000474\n",
       "2017-01-05  0.005085 -0.004754 -0.122410  0.013662  0.006499 -0.004895\n",
       "2017-01-06  0.011148  0.000674 -0.109711 -0.006612  0.014994  0.007299\n",
       "2017-01-09  0.009160 -0.008506  0.000695  0.009898  0.002387 -0.001260\n",
       "2017-01-10  0.001008 -0.003395  0.005373  0.000591 -0.001414 -0.004259\n",
       "...              ...       ...       ...       ...       ...       ...\n",
       "2019-12-19  0.001000  0.000889 -0.010164  0.003803  0.003351  0.005747\n",
       "2019-12-20 -0.002071  0.004884  0.002217 -0.002368 -0.003848  0.020000\n",
       "2019-12-23  0.016318 -0.003668  0.018952  0.005289 -0.000437 -0.008403\n",
       "2019-12-27  0.020423  0.002927 -0.008910  0.021113  0.002969  0.000000\n",
       "2019-12-30  0.005935 -0.001680  0.000399  0.000462 -0.011021 -0.002825\n",
       "\n",
       "[736 rows x 6 columns]"
      ]
     },
     "execution_count": 17,
     "metadata": {},
     "output_type": "execute_result"
    }
   ],
   "source": [
    "import pandas as pd\n",
    "import numpy as np\n",
    "import plotly.graph_objects as go \n",
    "import yfinance as yf\n",
    "\n",
    "\n",
    "tickers = ['AAPL' , 'GOOGL', 'BRK-B' , 'PFE.DE','GC=F'] #definimos os tickers das ações \n",
    "## Ações \n",
    "prices = yf.download(tickers=tickers , start = '2017-01-01', end='2020-01-01')['Adj Close']\n",
    "prices.dropna(inplace=True)\n",
    "\n",
    "returns = (prices/prices.shift(1) -1)\n",
    "returns.dropna(inplace=True)\n",
    "ativos = returns.columns.to_list()\n",
    "returns\n"
   ]
  },
  {
   "cell_type": "code",
   "execution_count": 18,
   "metadata": {},
   "outputs": [],
   "source": [
    "### starting portfolio simulation\n",
    "number_sim = 3000\n",
    "weight = np.zeros((number_sim, len(tickers)))\n",
    "Sigma = returns.cov() # matriz de covariancia\n",
    "mean_returns = returns.mean()\n",
    "\n",
    "expected_return = np.zeros(number_sim)\n",
    "expected_risk = np.zeros(number_sim)\n",
    "sharpe_ratio  = np.zeros(number_sim)\n",
    "\n",
    "\n",
    "\n",
    "\n",
    "\n",
    "for k in range(number_sim):\n",
    "    # gerar pesos aleatórios e normalizados\n",
    "    w = np.array(np.random.random(len(tickers)))\n",
    "    w= w/np.sum(w)\n",
    "    weight[k,:]= w \n",
    "\n",
    "    #retorno log esperado:\n",
    "    expected_return[k] = np.sum( mean_returns *w) *252 # anualizado\n",
    "\n",
    "    # risco: \n",
    "    #expected_risk  = w.T @ Sigma @ w\n",
    "    expected_risk[k]  = np.sqrt(np.dot(w.T, np.dot(Sigma, w)) * 252) \n",
    "\n",
    "    sharpe_ratio[k]   = expected_return[k]/ expected_risk[k]\n"
   ]
  },
  {
   "cell_type": "code",
   "execution_count": 19,
   "metadata": {},
   "outputs": [
    {
     "data": {
      "text/html": [
       "<div>\n",
       "<style scoped>\n",
       "    .dataframe tbody tr th:only-of-type {\n",
       "        vertical-align: middle;\n",
       "    }\n",
       "\n",
       "    .dataframe tbody tr th {\n",
       "        vertical-align: top;\n",
       "    }\n",
       "\n",
       "    .dataframe thead th {\n",
       "        text-align: right;\n",
       "    }\n",
       "</style>\n",
       "<table border=\"1\" class=\"dataframe\">\n",
       "  <thead>\n",
       "    <tr style=\"text-align: right;\">\n",
       "      <th></th>\n",
       "      <th>AAPL</th>\n",
       "      <th>GOOGL</th>\n",
       "      <th>BRK-B</th>\n",
       "      <th>PFE.DE</th>\n",
       "      <th>GC=F</th>\n",
       "      <th>BTC-USD</th>\n",
       "      <th>Expected Return(%)</th>\n",
       "      <th>Risk(%)</th>\n",
       "      <th>Sharpe Ratio</th>\n",
       "    </tr>\n",
       "  </thead>\n",
       "  <tbody>\n",
       "    <tr>\n",
       "      <th>0</th>\n",
       "      <td>0.153419</td>\n",
       "      <td>0.047165</td>\n",
       "      <td>0.002935</td>\n",
       "      <td>0.271365</td>\n",
       "      <td>0.074373</td>\n",
       "      <td>0.450743</td>\n",
       "      <td>14.874717</td>\n",
       "      <td>10.171401</td>\n",
       "      <td>1.462406</td>\n",
       "    </tr>\n",
       "    <tr>\n",
       "      <th>1</th>\n",
       "      <td>0.176262</td>\n",
       "      <td>0.000411</td>\n",
       "      <td>0.298158</td>\n",
       "      <td>0.303049</td>\n",
       "      <td>0.111049</td>\n",
       "      <td>0.111071</td>\n",
       "      <td>42.222373</td>\n",
       "      <td>25.685176</td>\n",
       "      <td>1.643842</td>\n",
       "    </tr>\n",
       "    <tr>\n",
       "      <th>2</th>\n",
       "      <td>0.205283</td>\n",
       "      <td>0.151751</td>\n",
       "      <td>0.055617</td>\n",
       "      <td>0.252734</td>\n",
       "      <td>0.172524</td>\n",
       "      <td>0.162091</td>\n",
       "      <td>22.295652</td>\n",
       "      <td>11.665392</td>\n",
       "      <td>1.911265</td>\n",
       "    </tr>\n",
       "    <tr>\n",
       "      <th>3</th>\n",
       "      <td>0.354304</td>\n",
       "      <td>0.064235</td>\n",
       "      <td>0.247064</td>\n",
       "      <td>0.146655</td>\n",
       "      <td>0.149884</td>\n",
       "      <td>0.037859</td>\n",
       "      <td>42.937120</td>\n",
       "      <td>23.792307</td>\n",
       "      <td>1.804664</td>\n",
       "    </tr>\n",
       "    <tr>\n",
       "      <th>4</th>\n",
       "      <td>0.109304</td>\n",
       "      <td>0.019771</td>\n",
       "      <td>0.261705</td>\n",
       "      <td>0.060575</td>\n",
       "      <td>0.246239</td>\n",
       "      <td>0.302405</td>\n",
       "      <td>38.602240</td>\n",
       "      <td>23.797826</td>\n",
       "      <td>1.622091</td>\n",
       "    </tr>\n",
       "    <tr>\n",
       "      <th>...</th>\n",
       "      <td>...</td>\n",
       "      <td>...</td>\n",
       "      <td>...</td>\n",
       "      <td>...</td>\n",
       "      <td>...</td>\n",
       "      <td>...</td>\n",
       "      <td>...</td>\n",
       "      <td>...</td>\n",
       "      <td>...</td>\n",
       "    </tr>\n",
       "    <tr>\n",
       "      <th>995</th>\n",
       "      <td>0.095777</td>\n",
       "      <td>0.245162</td>\n",
       "      <td>0.196066</td>\n",
       "      <td>0.347917</td>\n",
       "      <td>0.061361</td>\n",
       "      <td>0.053718</td>\n",
       "      <td>31.100375</td>\n",
       "      <td>18.008395</td>\n",
       "      <td>1.726993</td>\n",
       "    </tr>\n",
       "    <tr>\n",
       "      <th>996</th>\n",
       "      <td>0.199280</td>\n",
       "      <td>0.140222</td>\n",
       "      <td>0.312870</td>\n",
       "      <td>0.045349</td>\n",
       "      <td>0.168067</td>\n",
       "      <td>0.134211</td>\n",
       "      <td>45.107620</td>\n",
       "      <td>27.712475</td>\n",
       "      <td>1.627701</td>\n",
       "    </tr>\n",
       "    <tr>\n",
       "      <th>997</th>\n",
       "      <td>0.164920</td>\n",
       "      <td>0.280920</td>\n",
       "      <td>0.208438</td>\n",
       "      <td>0.255639</td>\n",
       "      <td>0.082380</td>\n",
       "      <td>0.007702</td>\n",
       "      <td>34.356591</td>\n",
       "      <td>19.667792</td>\n",
       "      <td>1.746845</td>\n",
       "    </tr>\n",
       "    <tr>\n",
       "      <th>998</th>\n",
       "      <td>0.182232</td>\n",
       "      <td>0.049427</td>\n",
       "      <td>0.145886</td>\n",
       "      <td>0.232488</td>\n",
       "      <td>0.222296</td>\n",
       "      <td>0.167671</td>\n",
       "      <td>30.008758</td>\n",
       "      <td>15.844872</td>\n",
       "      <td>1.893910</td>\n",
       "    </tr>\n",
       "    <tr>\n",
       "      <th>999</th>\n",
       "      <td>0.293210</td>\n",
       "      <td>0.058669</td>\n",
       "      <td>0.028391</td>\n",
       "      <td>0.272131</td>\n",
       "      <td>0.196694</td>\n",
       "      <td>0.150904</td>\n",
       "      <td>22.184080</td>\n",
       "      <td>12.141624</td>\n",
       "      <td>1.827110</td>\n",
       "    </tr>\n",
       "  </tbody>\n",
       "</table>\n",
       "<p>1000 rows × 9 columns</p>\n",
       "</div>"
      ],
      "text/plain": [
       "         AAPL     GOOGL     BRK-B    PFE.DE      GC=F   BTC-USD  \\\n",
       "0    0.153419  0.047165  0.002935  0.271365  0.074373  0.450743   \n",
       "1    0.176262  0.000411  0.298158  0.303049  0.111049  0.111071   \n",
       "2    0.205283  0.151751  0.055617  0.252734  0.172524  0.162091   \n",
       "3    0.354304  0.064235  0.247064  0.146655  0.149884  0.037859   \n",
       "4    0.109304  0.019771  0.261705  0.060575  0.246239  0.302405   \n",
       "..        ...       ...       ...       ...       ...       ...   \n",
       "995  0.095777  0.245162  0.196066  0.347917  0.061361  0.053718   \n",
       "996  0.199280  0.140222  0.312870  0.045349  0.168067  0.134211   \n",
       "997  0.164920  0.280920  0.208438  0.255639  0.082380  0.007702   \n",
       "998  0.182232  0.049427  0.145886  0.232488  0.222296  0.167671   \n",
       "999  0.293210  0.058669  0.028391  0.272131  0.196694  0.150904   \n",
       "\n",
       "     Expected Return(%)    Risk(%)  Sharpe Ratio  \n",
       "0             14.874717  10.171401      1.462406  \n",
       "1             42.222373  25.685176      1.643842  \n",
       "2             22.295652  11.665392      1.911265  \n",
       "3             42.937120  23.792307      1.804664  \n",
       "4             38.602240  23.797826      1.622091  \n",
       "..                  ...        ...           ...  \n",
       "995           31.100375  18.008395      1.726993  \n",
       "996           45.107620  27.712475      1.627701  \n",
       "997           34.356591  19.667792      1.746845  \n",
       "998           30.008758  15.844872      1.893910  \n",
       "999           22.184080  12.141624      1.827110  \n",
       "\n",
       "[1000 rows x 9 columns]"
      ]
     },
     "execution_count": 19,
     "metadata": {},
     "output_type": "execute_result"
    }
   ],
   "source": [
    "import numpy as np\n",
    "import pandas as pd\n",
    "\n",
    "# Assumindo que 'returns' é o DataFrame com os retornos diários das ações\n",
    "# e que 'returns' já foi carregado anteriormente\n",
    "\n",
    "number_sim = 1000\n",
    "num_assets = len(tickers)  # Número de ativos\n",
    "weight = np.zeros((number_sim, num_assets))\n",
    "Sigma = returns.cov() # matriz de covariancia\n",
    "mean_returns = returns.mean()\n",
    "\n",
    "expected_return = np.zeros(number_sim)\n",
    "expected_risk = np.zeros(number_sim)\n",
    "sharpe_ratio = np.zeros(number_sim)\n",
    "\n",
    "for k in range(number_sim):\n",
    "    # Gerar pesos aleatórios e normalizados\n",
    "    w = np.random.random(num_assets)\n",
    "    w = w / np.sum(w)\n",
    "    weight[k, :] = w \n",
    "\n",
    "    # Retorno log esperado (anualizado)\n",
    "    expected_return[k] = np.sum(mean_returns * w) * 252\n",
    "\n",
    "    # Risco (anualizado)\n",
    "    expected_risk[k] = np.sqrt(np.dot(w.T, np.dot(Sigma, w)) * 252)\n",
    "\n",
    "    # Índice de Sharpe\n",
    "    sharpe_ratio[k] = (expected_return[k] / expected_risk[k]) \n",
    "\n",
    "# Criar DataFrame\n",
    "portfolio_df = pd.DataFrame(weight, columns=[f'{tickers[i]}' for i in range(num_assets)])\n",
    "portfolio_df['Expected Return(%)'] = expected_return*100\n",
    "portfolio_df['Risk(%)'] = expected_risk *100\n",
    "portfolio_df['Sharpe Ratio'] = sharpe_ratio\n",
    "\n",
    "\n",
    "\n",
    "portfolio_df\n"
   ]
  },
  {
   "cell_type": "code",
   "execution_count": 20,
   "metadata": {},
   "outputs": [
    {
     "data": {
      "application/vnd.plotly.v1+json": {
       "config": {
        "plotlyServerURL": "https://plot.ly"
       },
       "data": [
        {
         "customdata": [
          [
           0.1534189046258532,
           0.047164806483419947,
           0.00293523596890964,
           0.27136508367018397,
           0.07437271771039033,
           0.45074325154124284,
           1.4624059168348753
          ],
          [
           0.17626199801622536,
           0.00041108747944590743,
           0.29815806564364866,
           0.30304866019340965,
           0.1110494248301125,
           0.11107076383715807,
           1.6438420488745444
          ],
          [
           0.2052834735728237,
           0.15175103366779785,
           0.0556167525679744,
           0.2527341854125161,
           0.17252403356451498,
           0.16209052121437295,
           1.9112646722525495
          ],
          [
           0.35430435154927276,
           0.0642347277510961,
           0.2470638979453939,
           0.14665461492536883,
           0.1498837340384414,
           0.03785867379042696,
           1.8046640317131581
          ],
          [
           0.10930424956569174,
           0.019771469660112624,
           0.261704556695445,
           0.060575458261906516,
           0.2462390273604843,
           0.30240523845635975,
           1.6220910089413128
          ],
          [
           0.04372750856575178,
           0.01341227412504806,
           0.284024447347245,
           0.09903520844463344,
           0.2818495798202209,
           0.2779509816971007,
           1.5581466800394181
          ],
          [
           0.2191301144693838,
           0.08092748664617491,
           0.11142541720928963,
           0.17614906283838105,
           0.2653111300921426,
           0.1470567887446282,
           1.8803381972447049
          ],
          [
           0.2851840187090776,
           0.420466119512483,
           0.13119119089102005,
           0.07457356207216162,
           0.024107872380858934,
           0.06447723643439875,
           1.7922430384449455
          ],
          [
           0.14220502505160543,
           0.26199605408312937,
           0.03140690870002157,
           0.22860825598492604,
           0.22743912353121362,
           0.10834463264910404,
           1.6472138203615303
          ],
          [
           0.24683588228236528,
           0.29911974250933404,
           0.14049056290654002,
           0.04855507691656108,
           0.03921403868563791,
           0.2257846966995617,
           1.8059103951703943
          ],
          [
           0.011698762054798008,
           0.26411535321564933,
           0.2602347508364353,
           0.15324959456809906,
           0.014889136167712976,
           0.2958124031573052,
           1.495765904679548
          ],
          [
           0.15983236482529836,
           0.1440221848234761,
           0.10244471392174091,
           0.18317039886594585,
           0.20826148178874906,
           0.2022688557747896,
           1.8754417107095922
          ],
          [
           0.24251300224483235,
           0.12119455269606272,
           0.052829916015313005,
           0.0998349059970185,
           0.22665394934998162,
           0.25697367369679186,
           1.7349660169060588
          ],
          [
           0.16273682933406056,
           0.08981502606092134,
           0.23008104997757736,
           0.17267326408564465,
           0.13370505292575025,
           0.21098877761604581,
           1.7280023780042846
          ],
          [
           0.1836946225716792,
           0.07386891928569328,
           0.13219334908354294,
           0.16713571180022022,
           0.23476345408846327,
           0.20834394317040109,
           1.8711472883494067
          ],
          [
           0.28515767850085477,
           0.12173932610171423,
           0.09251813635623778,
           0.11784925684588991,
           0.2948522502424754,
           0.08788335195282794,
           1.8013833357740765
          ],
          [
           0.06526940149767403,
           0.21832693343617873,
           0.21986505752372287,
           0.17294078976190708,
           0.08898640642913458,
           0.23461141135138272,
           1.6372745415772507
          ],
          [
           0.2729777755320309,
           0.030432649075974257,
           0.25852126442741746,
           0.0965908344457586,
           0.205469883350987,
           0.13600759316783176,
           1.7484268025964853
          ],
          [
           0.09842888236465097,
           0.2008249656668265,
           0.10993638366531988,
           0.1103396747810627,
           0.1886099630559699,
           0.2918601304661701,
           1.744846421229162
          ],
          [
           0.08625861474521018,
           0.21776993280234408,
           0.16908424546892226,
           0.1808869466467552,
           0.05546168174053443,
           0.2905385785962339,
           1.7144324668498103
          ],
          [
           0.17743638909549542,
           0.09065034733479777,
           0.23171480490543162,
           0.22032105657266943,
           0.036943861750440475,
           0.24293354034116543,
           1.72486826985956
          ],
          [
           0.16649545376120642,
           0.02196356133604033,
           0.2973819824286687,
           0.3904644224933533,
           0.10431735699025721,
           0.019377222990474025,
           1.6310860159394873
          ],
          [
           0.09593962334083946,
           0.03076851744005958,
           0.2539881860922455,
           0.2619735581991535,
           0.27610818420891814,
           0.08122193071878386,
           1.6570174364652914
          ],
          [
           0.16108379125282343,
           0.2083817447608762,
           0.27631098425373923,
           0.21326916217898867,
           0.037129878574269755,
           0.10382443897930257,
           1.6441189103061131
          ],
          [
           0.3593247171503416,
           0.09138564469342288,
           0.15271004956064432,
           0.08973838532128012,
           0.26822737275347763,
           0.038613830520833316,
           1.8435237591018847
          ],
          [
           0.03328225046617613,
           0.08349862601450442,
           0.05442625587686793,
           0.35909759955931314,
           0.08592884707120349,
           0.38376642101193503,
           1.722309337392175
          ],
          [
           0.18734511571267187,
           0.20707280850245438,
           0.12557173042577957,
           0.057704612752643165,
           0.21043405885911304,
           0.21187167374733795,
           1.7856965112324275
          ],
          [
           0.1531199162784535,
           0.19842614021698504,
           0.22967549349285096,
           0.14250516176827271,
           0.21703271263105317,
           0.05924057561238465,
           1.7062990019433595
          ],
          [
           0.011150533183292401,
           0.288305640100612,
           0.10790204283327808,
           0.29106243365172335,
           0.10990285797908844,
           0.19167649225200578,
           1.7528163015756437
          ],
          [
           0.04821413461600708,
           0.2987194225366235,
           0.030750715346691285,
           0.23131862084027977,
           0.26302138055895946,
           0.12797572610143895,
           1.5192719162761166
          ],
          [
           0.22699669941427889,
           0.20380316684020494,
           0.2489350745962829,
           0.1488441230990116,
           0.11941461455441238,
           0.052006321495809346,
           1.7289101509294524
          ],
          [
           0.0525368064689614,
           0.29289985734082824,
           0.13832836545389576,
           0.2760488202109949,
           0.22369583591546993,
           0.01649031460984978,
           1.7356949641505302
          ],
          [
           0.26430304090161744,
           0.0616340489790438,
           0.15659184049082375,
           0.20397335859235172,
           0.12761307209027553,
           0.18588463894588783,
           1.933325253115608
          ],
          [
           0.26665589339741247,
           0.1390085695772189,
           0.21552371230995723,
           0.2025355166427961,
           0.07505241803255946,
           0.10122389004005589,
           1.823056763906334
          ],
          [
           0.18607334444311252,
           0.2575589785526717,
           0.21276406711818266,
           0.0017859007554898443,
           0.16622690375771185,
           0.17559080537283145,
           1.7039648180703706
          ],
          [
           0.21668398300669392,
           0.10248743272808022,
           0.2521721032890569,
           0.15195704473503133,
           0.20674363913829027,
           0.0699557971028473,
           1.7286974184037784
          ],
          [
           0.19657641335922843,
           0.06549789215320409,
           0.30956569052703076,
           0.08956607172010249,
           0.29202886694793856,
           0.046765065292495786,
           1.6387045431382796
          ],
          [
           0.28966089070400164,
           0.24952594809856163,
           0.1425788163328435,
           0.013264078191837687,
           0.025415866486210047,
           0.2795544001865455,
           1.8095302978756713
          ],
          [
           0.07065032235011351,
           0.16168563636712516,
           0.2765634361337812,
           0.18635974494784804,
           0.224568305324402,
           0.08017255487673008,
           1.5983966391522126
          ],
          [
           0.25118087834070824,
           0.03985451035254934,
           0.2102744179003341,
           0.15105815589805852,
           0.10746016537345049,
           0.2401718721348994,
           1.8156845907629444
          ],
          [
           0.0072552456707216575,
           0.3400865598507194,
           0.06432291821548591,
           0.38138610376361265,
           0.1601506503737769,
           0.04679852212568341,
           1.7130674351962527
          ],
          [
           0.12420823199979042,
           0.28007166524405847,
           0.241128057539819,
           0.018097867657990742,
           0.06135602202416431,
           0.27513815553417703,
           1.6109397642675545
          ],
          [
           0.12040991155472533,
           0.21440411494586065,
           0.1607482509805659,
           0.1788116792741955,
           0.17343719267790672,
           0.1521888505667459,
           1.7907619775069656
          ],
          [
           0.048223172694592614,
           0.26511441421160636,
           0.29650006621514535,
           0.14076562063187703,
           0.006078376156111829,
           0.2433183500906668,
           1.5002758407833485
          ],
          [
           0.2243042437266946,
           0.17026716390234928,
           0.07603362042755778,
           0.360489291776876,
           0.08422982493944507,
           0.08467585522707707,
           2.0557357895688275
          ],
          [
           0.1531583055188738,
           0.2092569211771245,
           0.19904231965976957,
           0.07276170409193077,
           0.22222372289366887,
           0.14355702665863251,
           1.7257778707368205
          ],
          [
           0.23030455204891748,
           0.20203190268651747,
           0.1867939921710664,
           0.07914734383809484,
           0.1993883673781006,
           0.10233384187730309,
           1.7892676881273413
          ],
          [
           0.2859175370600267,
           0.2679009490802394,
           0.14009492859262576,
           0.02062733926068339,
           0.20420669790418441,
           0.08125254810224031,
           1.783763575656638
          ],
          [
           0.28734541621717735,
           0.2147969099543248,
           0.22223048456802802,
           0.25221075715933955,
           0.018300278194186347,
           0.005116153906943977,
           1.8077181443468253
          ],
          [
           0.034007730898409506,
           0.09423658896141873,
           0.2271684366626808,
           0.3145982454705136,
           0.3027081776896301,
           0.027280820317347288,
           1.6363119854719497
          ],
          [
           0.2179862538690634,
           0.25105402232117247,
           0.24404034825729345,
           0.021035930154212082,
           0.1703569844296847,
           0.09552646096857416,
           1.6986863466383335
          ],
          [
           0.2615103049166649,
           0.10132247899089425,
           0.28107500297139487,
           0.20439182915213294,
           0.08370400908457089,
           0.06799637488434218,
           1.7160254281800742
          ],
          [
           0.09516756379881673,
           0.19803515027151875,
           0.18596766324540098,
           0.31402872552560984,
           0.011529769194255557,
           0.19527112796439808,
           1.7348595277672862
          ],
          [
           0.05685696429797322,
           0.08912868161130164,
           0.28120183156986106,
           0.25385825634127873,
           0.0891480286085326,
           0.2298062375710526,
           1.5597376840094517
          ],
          [
           0.07661831540715862,
           0.24892634016205548,
           0.006885420714036182,
           0.14389793420834202,
           0.2677628773350508,
           0.255909112173357,
           1.3289054074189939
          ],
          [
           0.323028389922492,
           0.04575187653094961,
           0.22614681426281458,
           0.2628682495681866,
           0.013941184462786511,
           0.12826348525277056,
           1.8459107234063992
          ],
          [
           0.05403616318748235,
           0.14703096580656802,
           0.045292611333268784,
           0.22833492052109108,
           0.29845612365867336,
           0.22684921549291628,
           1.6415040187683982
          ],
          [
           0.30274272650807654,
           0.17319484122021048,
           0.1707384638982636,
           0.16216796139094222,
           0.048042230841223985,
           0.1431137761412832,
           1.9012307096367942
          ],
          [
           0.07385490343018743,
           0.22870648283693013,
           0.20196827835723222,
           0.2179864653776901,
           0.2417146631677128,
           0.03576920683024728,
           1.687295944717656
          ],
          [
           0.03337998058335222,
           0.21866461982320953,
           0.18508766379955588,
           0.02064988001085532,
           0.2666837341659012,
           0.27553412161712587,
           1.603268886169901
          ],
          [
           0.1699885186315102,
           0.09298152504431793,
           0.1168019633557375,
           0.22638081508667618,
           0.2906204679636473,
           0.10322670991811085,
           1.8601733390368362
          ],
          [
           0.09611502657714559,
           0.05810524780162242,
           0.2882901809081268,
           0.07596030893551226,
           0.21289672142466534,
           0.2686325143529276,
           1.587005804339626
          ],
          [
           0.23252822738496123,
           0.19392119349358625,
           0.2226723481698483,
           0.1139837805203144,
           0.1009371036533442,
           0.1359573467779457,
           1.7666666992367555
          ],
          [
           0.12426668051911309,
           0.276840984275718,
           0.12181258050604186,
           0.21166487693198618,
           0.14862189084821067,
           0.11679298691893002,
           1.8350458005587456
          ],
          [
           0.043235570429830505,
           0.17456460802666765,
           0.08523201230116406,
           0.3719801760551332,
           0.2645392303205804,
           0.06044840286662427,
           1.8079878369335554
          ],
          [
           0.26045212555257874,
           0.22420691446615723,
           0.01070829255943511,
           0.07181129573333234,
           0.1884500183156439,
           0.2443713533728525,
           1.482929368310544
          ],
          [
           0.09803667773404319,
           0.23770128155193654,
           0.19589724275598078,
           0.10796120917793761,
           0.16556180430696893,
           0.19484178447313294,
           1.695026307468741
          ],
          [
           0.02990982613005641,
           0.07002349484085976,
           0.1470294467710094,
           0.030321946144642235,
           0.2881661229277753,
           0.4345491631856569,
           1.5789937845885746
          ],
          [
           0.1030382561728579,
           0.19801641505817758,
           0.22298705192576093,
           0.16386198254706652,
           0.23953621734056546,
           0.07256007695557158,
           1.6827066986926995
          ],
          [
           0.22673098152034443,
           0.19102182864303835,
           0.06380275736963609,
           0.17404605685024044,
           0.23633804785165025,
           0.1080603277650905,
           1.7954093692955644
          ],
          [
           0.037208915103381326,
           0.1382703382214051,
           0.2958100387259429,
           0.21274997052115535,
           0.08345661718226628,
           0.23250412024584904,
           1.5217345654553278
          ],
          [
           0.14088661012569403,
           0.14889597247489425,
           0.27358906007641187,
           0.36119744164733913,
           0.055029336338104355,
           0.020401579337556465,
           1.6386280547328913
          ],
          [
           0.11474680485065576,
           0.010244206975690841,
           0.10929017789806687,
           0.19952631466088,
           0.2377354003653317,
           0.3284570952493749,
           1.8278842761952585
          ],
          [
           0.3402852672766197,
           0.07068472257171272,
           0.14004147992158394,
           0.16107942760649668,
           0.14855170187255234,
           0.13935740075103473,
           1.9495754462653467
          ],
          [
           0.1757867623202847,
           0.006097929420911066,
           0.28791599910520316,
           0.08876462382912874,
           0.33732082726840334,
           0.10411385805606892,
           1.6512873415880183
          ],
          [
           0.2225805053584155,
           0.20448099722246638,
           0.10332067273533954,
           0.08476079585155272,
           0.21424007253322147,
           0.17061695629900436,
           1.811431867206755
          ],
          [
           0.300738047641734,
           0.31858424663142904,
           0.04243481449719376,
           0.03231959694738971,
           0.007650239754070129,
           0.2982730545281835,
           1.6190343703242478
          ],
          [
           0.09412697507239237,
           0.26630477874893516,
           0.23535302440979877,
           0.024375999330713383,
           0.25139920193261356,
           0.12844002050554681,
           1.6231397355614723
          ],
          [
           0.11341769157351773,
           0.11188224864946593,
           0.12807150889179864,
           0.2366444246672366,
           0.151106435592338,
           0.25887769062564303,
           1.8666284200056629
          ],
          [
           0.0038749487227108877,
           0.24271583980767228,
           0.21551489251906786,
           0.20859751117940192,
           0.11302647387412888,
           0.21627033389701808,
           1.5888628367700623
          ],
          [
           0.06398531785396555,
           0.3401637219590131,
           0.3244856889753661,
           0.01605375028150105,
           0.09319542010117055,
           0.16211610082898364,
           1.4983635436383875
          ],
          [
           0.03566863708279231,
           0.04687498307331536,
           0.27667700638049486,
           0.08392880894079406,
           0.2663702540041644,
           0.2904803105184389,
           1.554024991795554
          ],
          [
           0.10276135885463206,
           0.21787715223646423,
           0.1674858958957593,
           0.27152525602552496,
           0.011037965038078195,
           0.22931237194954135,
           1.7647454564415164
          ],
          [
           0.07730673811661591,
           0.29736103456660407,
           0.25068168491508186,
           0.31287077103101707,
           0.057787157005598645,
           0.003992614365082476,
           1.6077463613630407
          ],
          [
           0.1623835685968707,
           0.004616075918422715,
           0.20791761486337013,
           0.13725536345010897,
           0.32605349722224697,
           0.16177387994898054,
           1.7443703093214986
          ],
          [
           0.24258973059116953,
           0.21808766422288964,
           0.22785482455836886,
           0.14321042093370903,
           0.04388966675903089,
           0.12436769293483206,
           1.7646203233385473
          ],
          [
           0.006436022112000629,
           0.21249353412958877,
           0.3498224560595712,
           0.3335473437045164,
           0.08834340153778972,
           0.009357242456533283,
           1.4499790173395761
          ],
          [
           0.04370347751974515,
           0.012695739147152428,
           0.2761332026217764,
           0.3040165949609121,
           0.18569090305754626,
           0.17776008269286758,
           1.5772799712241723
          ],
          [
           0.08122490604793602,
           0.2639044184700193,
           0.21633539150554845,
           0.2725661616651828,
           0.10026654231803128,
           0.06570257999328195,
           1.6766685524142408
          ],
          [
           0.13842704380508877,
           0.0691913736270661,
           0.2939421848970146,
           0.10402959703557595,
           0.09833358827534933,
           0.2960762123599053,
           1.5960110661910096
          ],
          [
           0.245472318011166,
           0.17409118747699814,
           0.06890558760278806,
           0.07745859661736977,
           0.26411776077744076,
           0.16995454951423725,
           1.7307271560700663
          ],
          [
           0.021038911067340033,
           0.048077885859068,
           0.0698372851327688,
           0.5010650985093028,
           0.012010556347437642,
           0.3479702630840828,
           1.7244831807236862
          ],
          [
           0.13070736449209938,
           0.20635608384002607,
           0.08103553878909145,
           0.04450334301290502,
           0.25565751521190816,
           0.28174015465397,
           1.6577481962608127
          ],
          [
           0.20712991629192073,
           0.03917285346907066,
           0.027156670740296637,
           0.24457420524251475,
           0.22020138192017716,
