{
 "cells": [
  {
   "cell_type": "markdown",
   "metadata": {},
   "source": [
    "### Vamos Generalizar a otimização da carteira\n",
    "\n",
    "Vamos ver como se sai o modelo com ativos norte americanos, e a ideia é nós aplicarmos posteriormente com ativos do mercado brasileiro.\n",
    "Vou selecionar 4 ações, a ideia que eu tenho é que essas ações são potencialmente rentáveis, porém não sei quanto investir em cada uma delas e como mitigar os meus riscos.\n",
    "\n",
    "\n",
    "### Distribuição dos retorno\n",
    "\n",
    "Retorno líquido: \n",
    "$$Retorno = R = \\dfrac{P_{t}}{P_{t-1}} - 1$$\n",
    "\n",
    "Retorno \"Bruto\": \n",
    "$$R+1 = \\dfrac{P_{t}}{P_{t-1}} $$\n",
    "\n",
    "## Sharpe Ratio\n",
    "\n",
    "$$SR(w) = \\dfrac{R(w) - R_f}{\\sigma(w)}$$\n",
    "\n",
    "Em que:\n",
    "$$\n",
    "w = \\begin{bmatrix}\n",
    "w_1 & w_2 & w_3 & w_4\n",
    "\\end{bmatrix}\n",
    "$$\n",
    "\n",
    "$$\\sum_{i} ^{4} w_i = 1$$\n",
    "\n",
    "é o vetor dos pesos normalizados.\n",
    "\n",
    "- $SR(w)$: Sharpe ratio\n",
    "- $R(f)$ : taxa livre de risco\n",
    "- $R(w)$ : retorno do portfolio\n",
    "\n",
    "$$R(w)  = w^{T} \\mathbf{R} $$\n",
    "$$\\sigma(w) = \\sqrt(w^{T}\\Sigma w)$$\n",
    "\n",
    "- $\\Sigma$ é a matriz de covariância\n",
    "\n",
    "Perceba que o máximo Sharpe ratio é tal que é proporcional à\n",
    "$$SR(w) = \\dfrac{\\mathbf{r}}{\\sqrt(w^{T}\\Sigma w)}$$"
   ]
  },
  {
   "cell_type": "code",
   "execution_count": 25,
   "metadata": {},
   "outputs": [
    {
     "name": "stderr",
     "output_type": "stream",
     "text": [
      "[*********************100%%**********************]  5 of 5 completed\n"
     ]
    },
    {
     "data": {
      "text/html": [
       "<div>\n",
       "<style scoped>\n",
       "    .dataframe tbody tr th:only-of-type {\n",
       "        vertical-align: middle;\n",
       "    }\n",
       "\n",
       "    .dataframe tbody tr th {\n",
       "        vertical-align: top;\n",
       "    }\n",
       "\n",
       "    .dataframe thead th {\n",
       "        text-align: right;\n",
       "    }\n",
       "</style>\n",
       "<table border=\"1\" class=\"dataframe\">\n",
       "  <thead>\n",
       "    <tr style=\"text-align: right;\">\n",
       "      <th>Ticker</th>\n",
       "      <th>AAPL</th>\n",
       "      <th>BRK-B</th>\n",
       "      <th>GC=F</th>\n",
       "      <th>GOOGL</th>\n",
       "      <th>PFE.DE</th>\n",
       "    </tr>\n",
       "    <tr>\n",
       "      <th>Date</th>\n",
       "      <th></th>\n",
       "      <th></th>\n",
       "      <th></th>\n",
       "      <th></th>\n",
       "      <th></th>\n",
       "    </tr>\n",
       "  </thead>\n",
       "  <tbody>\n",
       "    <tr>\n",
       "      <th>2017-01-04</th>\n",
       "      <td>-0.001119</td>\n",
       "      <td>0.001526</td>\n",
       "      <td>0.002930</td>\n",
       "      <td>-0.000297</td>\n",
       "      <td>0.000474</td>\n",
       "    </tr>\n",
       "    <tr>\n",
       "      <th>2017-01-05</th>\n",
       "      <td>0.005085</td>\n",
       "      <td>-0.004754</td>\n",
       "      <td>0.013662</td>\n",
       "      <td>0.006499</td>\n",
       "      <td>-0.004895</td>\n",
       "    </tr>\n",
       "    <tr>\n",
       "      <th>2017-01-06</th>\n",
       "      <td>0.011149</td>\n",
       "      <td>0.000674</td>\n",
       "      <td>-0.006612</td>\n",
       "      <td>0.014994</td>\n",
       "      <td>0.007299</td>\n",
       "    </tr>\n",
       "    <tr>\n",
       "      <th>2017-01-09</th>\n",
       "      <td>0.009159</td>\n",
       "      <td>-0.008506</td>\n",
       "      <td>0.009898</td>\n",
       "      <td>0.002387</td>\n",
       "      <td>-0.001260</td>\n",
       "    </tr>\n",
       "    <tr>\n",
       "      <th>2017-01-10</th>\n",
       "      <td>0.001008</td>\n",
       "      <td>-0.003395</td>\n",
       "      <td>0.000591</td>\n",
       "      <td>-0.001414</td>\n",
       "      <td>-0.004259</td>\n",
       "    </tr>\n",
       "    <tr>\n",
       "      <th>...</th>\n",
       "      <td>...</td>\n",
       "      <td>...</td>\n",
       "      <td>...</td>\n",
       "      <td>...</td>\n",
       "      <td>...</td>\n",
       "    </tr>\n",
       "    <tr>\n",
       "      <th>2019-12-19</th>\n",
       "      <td>0.001001</td>\n",
       "      <td>0.000889</td>\n",
       "      <td>0.003803</td>\n",
       "      <td>0.003351</td>\n",
       "      <td>0.005747</td>\n",
       "    </tr>\n",
       "    <tr>\n",
       "      <th>2019-12-20</th>\n",
       "      <td>-0.002071</td>\n",
       "      <td>0.004884</td>\n",
       "      <td>-0.002368</td>\n",
       "      <td>-0.003848</td>\n",
       "      <td>0.020000</td>\n",
       "    </tr>\n",
       "    <tr>\n",
       "      <th>2019-12-23</th>\n",
       "      <td>0.016319</td>\n",
       "      <td>-0.003668</td>\n",
       "      <td>0.005289</td>\n",
       "      <td>-0.000437</td>\n",
       "      <td>-0.008403</td>\n",
       "    </tr>\n",
       "    <tr>\n",
       "      <th>2019-12-27</th>\n",
       "      <td>0.020422</td>\n",
       "      <td>0.002927</td>\n",
       "      <td>0.021113</td>\n",
       "      <td>0.002969</td>\n",
       "      <td>0.000000</td>\n",
       "    </tr>\n",
       "    <tr>\n",
       "      <th>2019-12-30</th>\n",
       "      <td>0.005935</td>\n",
       "      <td>-0.001680</td>\n",
       "      <td>0.000462</td>\n",
       "      <td>-0.011021</td>\n",
       "      <td>-0.002825</td>\n",
       "    </tr>\n",
       "  </tbody>\n",
       "</table>\n",
       "<p>736 rows × 5 columns</p>\n",
       "</div>"
      ],
      "text/plain": [
       "Ticker          AAPL     BRK-B      GC=F     GOOGL    PFE.DE\n",
       "Date                                                        \n",
       "2017-01-04 -0.001119  0.001526  0.002930 -0.000297  0.000474\n",
       "2017-01-05  0.005085 -0.004754  0.013662  0.006499 -0.004895\n",
       "2017-01-06  0.011149  0.000674 -0.006612  0.014994  0.007299\n",
       "2017-01-09  0.009159 -0.008506  0.009898  0.002387 -0.001260\n",
       "2017-01-10  0.001008 -0.003395  0.000591 -0.001414 -0.004259\n",
       "...              ...       ...       ...       ...       ...\n",
       "2019-12-19  0.001001  0.000889  0.003803  0.003351  0.005747\n",
       "2019-12-20 -0.002071  0.004884 -0.002368 -0.003848  0.020000\n",
       "2019-12-23  0.016319 -0.003668  0.005289 -0.000437 -0.008403\n",
       "2019-12-27  0.020422  0.002927  0.021113  0.002969  0.000000\n",
       "2019-12-30  0.005935 -0.001680  0.000462 -0.011021 -0.002825\n",
       "\n",
       "[736 rows x 5 columns]"
      ]
     },
     "execution_count": 25,
     "metadata": {},
     "output_type": "execute_result"
    }
   ],
   "source": [
    "import pandas as pd\n",
    "import numpy as np\n",
    "import plotly.graph_objects as go \n",
    "import yfinance as yf\n",
    "\n",
    "\n",
    "tickers = ['AAPL' , 'GOOGL', 'BRK-B' , 'PFE.DE','GC=F'] #definimos os tickers das ações \n",
    "## Ações \n",
    "prices = yf.download(tickers=tickers , start = '2017-01-01', end='2020-01-01')['Adj Close']\n",
    "prices.dropna(inplace=True)\n",
    "\n",
    "\n",
    "returns = prices.pct_change().dropna()\n",
    "#returns = (prices/prices.shift(1) -1)\n",
    "returns.dropna(inplace=True)\n",
    "ativos = returns.columns.to_list()\n",
    "returns\n"
   ]
  },
  {
   "cell_type": "code",
   "execution_count": 26,
   "metadata": {},
   "outputs": [
    {
     "data": {
      "text/html": [
       "<div>\n",
       "<style scoped>\n",
       "    .dataframe tbody tr th:only-of-type {\n",
       "        vertical-align: middle;\n",
       "    }\n",
       "\n",
       "    .dataframe tbody tr th {\n",
       "        vertical-align: top;\n",
       "    }\n",
       "\n",
       "    .dataframe thead th {\n",
       "        text-align: right;\n",
       "    }\n",
       "</style>\n",
       "<table border=\"1\" class=\"dataframe\">\n",
       "  <thead>\n",
       "    <tr style=\"text-align: right;\">\n",
       "      <th></th>\n",
       "      <th>AAPL</th>\n",
       "      <th>GOOGL</th>\n",
       "      <th>BRK-B</th>\n",
       "      <th>PFE.DE</th>\n",
       "      <th>GC=F</th>\n",
       "      <th>Expected Return(%)</th>\n",
       "      <th>Risk(%)</th>\n",
       "      <th>Sharpe Ratio</th>\n",
       "    </tr>\n",
       "  </thead>\n",
       "  <tbody>\n",
       "    <tr>\n",
       "      <th>0</th>\n",
       "      <td>0.285753</td>\n",
       "      <td>0.188288</td>\n",
       "      <td>0.221765</td>\n",
       "      <td>0.092097</td>\n",
       "      <td>0.212097</td>\n",
       "      <td>18.706460</td>\n",
       "      <td>11.579740</td>\n",
       "      <td>1.615447</td>\n",
       "    </tr>\n",
       "    <tr>\n",
       "      <th>1</th>\n",
       "      <td>0.045458</td>\n",
       "      <td>0.395564</td>\n",
       "      <td>0.170842</td>\n",
       "      <td>0.004758</td>\n",
       "      <td>0.383378</td>\n",
       "      <td>11.982034</td>\n",
       "      <td>10.964296</td>\n",
       "      <td>1.092823</td>\n",
       "    </tr>\n",
       "    <tr>\n",
       "      <th>2</th>\n",
       "      <td>0.282610</td>\n",
       "      <td>0.090742</td>\n",
       "      <td>0.247166</td>\n",
       "      <td>0.229588</td>\n",
       "      <td>0.149894</td>\n",
       "      <td>19.785000</td>\n",
       "      <td>12.475922</td>\n",
       "      <td>1.585855</td>\n",
       "    </tr>\n",
       "    <tr>\n",
       "      <th>3</th>\n",
       "      <td>0.043917</td>\n",
       "      <td>0.276704</td>\n",
       "      <td>0.090894</td>\n",
       "      <td>0.228282</td>\n",
       "      <td>0.360203</td>\n",
       "      <td>13.925759</td>\n",
       "      <td>12.132621</td>\n",
       "      <td>1.147795</td>\n",
       "    </tr>\n",
       "    <tr>\n",
       "      <th>4</th>\n",
       "      <td>0.193769</td>\n",
       "      <td>0.166092</td>\n",
       "      <td>0.132013</td>\n",
       "      <td>0.265002</td>\n",
       "      <td>0.243124</td>\n",
       "      <td>17.988029</td>\n",
       "      <td>12.774222</td>\n",
       "      <td>1.408151</td>\n",
       "    </tr>\n",
       "    <tr>\n",
       "      <th>...</th>\n",
       "      <td>...</td>\n",
       "      <td>...</td>\n",
       "      <td>...</td>\n",
       "      <td>...</td>\n",
       "      <td>...</td>\n",
       "      <td>...</td>\n",
       "      <td>...</td>\n",
       "      <td>...</td>\n",
       "    </tr>\n",
       "    <tr>\n",
       "      <th>995</th>\n",
       "      <td>0.174711</td>\n",
       "      <td>0.127553</td>\n",
       "      <td>0.276488</td>\n",
       "      <td>0.282243</td>\n",
       "      <td>0.139005</td>\n",
       "      <td>17.572013</td>\n",
       "      <td>11.638861</td>\n",
       "      <td>1.509771</td>\n",
       "    </tr>\n",
       "    <tr>\n",
       "      <th>996</th>\n",
       "      <td>0.398154</td>\n",
       "      <td>0.306909</td>\n",
       "      <td>0.089122</td>\n",
       "      <td>0.045732</td>\n",
       "      <td>0.160082</td>\n",
       "      <td>21.528542</td>\n",
       "      <td>14.496248</td>\n",
       "      <td>1.485111</td>\n",
       "    </tr>\n",
       "    <tr>\n",
       "      <th>997</th>\n",
       "      <td>0.028532</td>\n",
       "      <td>0.152898</td>\n",
       "      <td>0.145411</td>\n",
       "      <td>0.330488</td>\n",
       "      <td>0.342672</td>\n",
       "      <td>14.240831</td>\n",
       "      <td>11.981210</td>\n",
       "      <td>1.188597</td>\n",
       "    </tr>\n",
       "    <tr>\n",
       "      <th>998</th>\n",
       "      <td>0.153564</td>\n",
       "      <td>0.087329</td>\n",
       "      <td>0.074170</td>\n",
       "      <td>0.219193</td>\n",
       "      <td>0.465744</td>\n",
       "      <td>16.211388</td>\n",
       "      <td>12.872179</td>\n",
       "      <td>1.259413</td>\n",
       "    </tr>\n",
       "    <tr>\n",
       "      <th>999</th>\n",
       "      <td>0.309490</td>\n",
       "      <td>0.154791</td>\n",
       "      <td>0.155323</td>\n",
       "      <td>0.219472</td>\n",
       "      <td>0.160923</td>\n",
       "      <td>20.562351</td>\n",
       "      <td>13.607069</td>\n",
       "      <td>1.511152</td>\n",
       "    </tr>\n",
       "  </tbody>\n",
       "</table>\n",
       "<p>1000 rows × 8 columns</p>\n",
       "</div>"
      ],
      "text/plain": [
       "         AAPL     GOOGL     BRK-B    PFE.DE      GC=F  Expected Return(%)  \\\n",
       "0    0.285753  0.188288  0.221765  0.092097  0.212097           18.706460   \n",
       "1    0.045458  0.395564  0.170842  0.004758  0.383378           11.982034   \n",
       "2    0.282610  0.090742  0.247166  0.229588  0.149894           19.785000   \n",
       "3    0.043917  0.276704  0.090894  0.228282  0.360203           13.925759   \n",
       "4    0.193769  0.166092  0.132013  0.265002  0.243124           17.988029   \n",
       "..        ...       ...       ...       ...       ...                 ...   \n",
       "995  0.174711  0.127553  0.276488  0.282243  0.139005           17.572013   \n",
       "996  0.398154  0.306909  0.089122  0.045732  0.160082           21.528542   \n",
       "997  0.028532  0.152898  0.145411  0.330488  0.342672           14.240831   \n",
       "998  0.153564  0.087329  0.074170  0.219193  0.465744           16.211388   \n",
       "999  0.309490  0.154791  0.155323  0.219472  0.160923           20.562351   \n",
       "\n",
       "       Risk(%)  Sharpe Ratio  \n",
       "0    11.579740      1.615447  \n",
       "1    10.964296      1.092823  \n",
       "2    12.475922      1.585855  \n",
       "3    12.132621      1.147795  \n",
       "4    12.774222      1.408151  \n",
       "..         ...           ...  \n",
       "995  11.638861      1.509771  \n",
       "996  14.496248      1.485111  \n",
       "997  11.981210      1.188597  \n",
       "998  12.872179      1.259413  \n",
       "999  13.607069      1.511152  \n",
       "\n",
       "[1000 rows x 8 columns]"
      ]
     },
     "execution_count": 26,
     "metadata": {},
     "output_type": "execute_result"
    }
   ],
   "source": [
    "import numpy as np\n",
    "import pandas as pd\n",
    "\n",
    "# Assumindo que 'returns' é o DataFrame com os retornos diários das ações\n",
    "# e que 'returns' já foi carregado anteriormente\n",
    "\n",
    "number_sim = 1000\n",
    "num_assets = len(tickers)  # Número de ativos\n",
    "weight = np.zeros((number_sim, num_assets))\n",
    "Sigma = returns.cov() # matriz de covariancia\n",
    "mean_returns = returns.mean()\n",
    "\n",
    "expected_return = np.zeros(number_sim)\n",
    "expected_risk = np.zeros(number_sim)\n",
    "sharpe_ratio = np.zeros(number_sim)\n",
    "\n",
    "for k in range(number_sim):\n",
    "    # Gerar pesos aleatórios e normalizados\n",
    "    w = np.random.random(num_assets)\n",
    "    w = w / np.sum(w)\n",
    "    weight[k, :] = w \n",
    "\n",
    "    # Retorno  esperado (anualizado)\n",
    "    expected_return[k] = np.sum(mean_returns * w) * 252\n",
    "\n",
    "    # Risco (anualizado)\n",
    "    expected_risk[k] = np.sqrt(np.dot(w.T, np.dot(Sigma, w)) * 252)\n",
    "\n",
    "    # Índice de Sharpe\n",
    "    sharpe_ratio[k] = (expected_return[k] / expected_risk[k]) \n",
    "\n",
    "# Criar DataFrame\n",
    "portfolio_df = pd.DataFrame(weight, columns=[f'{tickers[i]}' for i in range(num_assets)])\n",
    "portfolio_df['Expected Return(%)'] = expected_return*100\n",
    "portfolio_df['Risk(%)'] = expected_risk *100\n",
    "portfolio_df['Sharpe Ratio'] = sharpe_ratio\n",
    "\n",
    "\n",
    "\n",
    "portfolio_df\n"
   ]
  },
  {
   "cell_type": "code",
   "execution_count": 27,
   "metadata": {},
   "outputs": [
    {
     "data": {
      "application/vnd.plotly.v1+json": {
       "config": {
        "plotlyServerURL": "https://plot.ly"
       },
       "data": [
        {
         "customdata": [
          [
           0.2857527855501209,
           0.18828807405495582,
           0.22176538601356707,
           0.09209658991953544,
           0.2120971644618208,
           1.6154473465135792
          ],
          [
           0.0454577416503488,
           0.3955639171896046,
           0.17084242714838208,
           0.004758170291950328,
           0.38337774371971417,
           1.092822920962942
          ],
          [
           0.28260966004875177,
           0.09074235097650593,
           0.2471660529692683,
           0.2295879256293385,
           0.14989401037613556,
           1.5858546954686163
          ],
          [
           0.04391678303252624,
           0.2767042622720306,
           0.09089357420110648,
           0.22828213063882966,
           0.36020324985550695,
           1.1477947516960045
          ],
          [
           0.193769386034647,
           0.16609178675295652,
           0.1320129076748631,
           0.26500182477800355,
           0.24312409475952984,
           1.408150628179592
          ],
          [
           0.3519911570380609,
           0.19314038144127776,
           0.030965930191791082,
           0.2978168672900124,
           0.12608566403885788,
           1.3779354339236873
          ],
          [
           0.0064587990012122416,
           0.02895164237089832,
           0.016972760638833517,
           0.549849982776637,
           0.3977668152124189,
           1.005419684182052
          ],
          [
           0.30414458562103797,
           0.22486145039309574,
           0.16724346666277895,
           0.11412778017454293,
           0.18962271714854442,
           1.5470990658260402
          ],
          [
           0.16710673602817336,
           0.22681207216314506,
           0.15887353228119064,
           0.17990521583052035,
           0.2673024436969705,
           1.4244363003386398
          ],
          [
           0.2324068568180588,
           0.2120419080979957,
           0.19068064637968218,
           0.27461221446661216,
           0.09025837423765098,
           1.4441558100322436
          ],
          [
           0.3042219222649931,
           0.068313010730182,
           0.21264348883022882,
           0.1410466059546686,
           0.27377497221992747,
           1.6177121640204306
          ],
          [
           0.31795412000378476,
           0.10322891460349023,
           0.027208766835699175,
           0.4445332140204832,
           0.1070749845365427,
           1.3062063350635384
          ],
          [
           0.2772337314789001,
           0.009351516942660051,
           0.2174324795467689,
           0.432691563388104,
           0.06329070864356708,
           1.3998969075362504
          ],
          [
           0.3447739583516834,
           0.04339894677503401,
           0.28701316666003884,
           0.1870398913917462,
           0.13777403682149758,
           1.6590181377833058
          ],
          [
           0.132261346590228,
           0.12780113051622524,
           0.32245268726155235,
           0.2915481742907331,
           0.12593666134126127,
           1.5001101435326842
          ],
          [
           0.2813749944459308,
           0.09173468283515956,
           0.13265360958487957,
           0.36005046667460133,
           0.13418624645942867,
           1.4095782479572445
          ],
          [
           0.3235913933690634,
           0.1143391326081249,
           0.12701105171585772,
           0.23412752617105698,
           0.2009308961358969,
           1.4973854770163855
          ],
          [
           0.3118894011013468,
           0.2399987253322098,
           0.0962508610148976,
           0.016274292584328,
           0.3355867199672178,
           1.4552105067289813
          ],
          [
           0.025513211288953442,
           0.1045826850458599,
           0.47514085694092517,
           0.26557868218789066,
           0.129184564536371,
           1.4757417908713253
          ],
          [
           0.22593585539769306,
           0.2115109391213259,
           0.06148898000669614,
           0.25774220330216324,
           0.24332202217212157,
           1.359302926290173
          ],
          [
           0.2718187899481022,
           0.04053763385535129,
           0.2907271613784271,
           0.2923914415374327,
           0.1045249732806866,
           1.5601142494350668
          ],
          [
           0.29745603744250926,
           0.22264883236621735,
           0.03366325262927232,
           0.29376812784495954,
           0.15246374971704144,
           1.356491929981996
          ],
          [
           0.2946299512988834,
           0.3026819059598797,
           0.18617738986990934,
           0.03506674689282937,
           0.18144400597849822,
           1.544416421679064
          ],
          [
           0.1730553493413571,
           0.02130081552650583,
           0.36685253636187637,
           0.033462919071657715,
           0.4053283796986029,
           1.578171673062491
          ],
          [
           0.17586205398171606,
           0.22789272871519906,
           0.22964792534644982,
           0.08593314396433688,
           0.28066414799229816,
           1.522813153902936
          ],
          [
           0.24055020572433328,
           0.01961420946560025,
           0.36014770271543445,
           0.06056313873551715,
           0.3191247433591149,
           1.7378446366342426
          ],
          [
           0.09604777257040668,
           0.2641929376216914,
           0.32358690778675153,
           0.08607201694705267,
           0.23010036507409773,
           1.5238803386970272
          ],
          [
           0.21376266921982187,
           0.1174920743702796,
           0.2745122938790516,
           0.24688796062893198,
           0.147345001901915,
           1.5633826145945082
          ],
          [
           0.2828654675121942,
           0.08728591377446862,
           0.22940305530225222,
           0.14605044002666337,
           0.2543951233844216,
           1.625487937791199
          ],
          [
           0.3348724894080866,
           0.04803413986213794,
           0.025606111386697203,
           0.2854419981626103,
           0.30604526118046793,
           1.4011128761325775
          ],
          [
           0.09239077271047813,
           0.3094350705560845,
           0.013651205820863346,
           0.2644423037805121,
           0.32008064713206197,
           1.150873178138906
          ],
          [
           0.07908800955726891,
           0.0558506346225213,
           0.4526490881719212,
           0.40135637533732105,
           0.011055892310967612,
           1.359812454179611
          ],
          [
           0.16060958807421571,
           0.2226996209663237,
           0.2566491111392961,
           0.16555089132723927,
           0.1944907884929252,
           1.535875417394903
          ],
          [
           0.21589726028441406,
           0.24603679282608762,
           0.3421940670887884,
           0.043254812417317504,
           0.1526170673833924,
           1.688880413288982
          ],
          [
           0.13812716042942,
           0.20726091706617436,
           0.26162073961585264,
           0.34290441216451645,
           0.05008677072403648,
           1.3728969994842262
          ],
          [
           0.4766325375130499,
           0.21941845238225013,
           0.002154947984246122,
           0.1789071863563326,
           0.1228868757641211,
           1.4261381181541344
          ],
          [
           0.0546304143377497,
           0.11982236525592775,
           0.47214506270991,
           0.02775853928916961,
           0.325643618407243,
           1.4914190162252545
          ],
          [
           0.14213998254654917,
           0.2766758975393303,
           0.19318291728095494,
           0.13752977586187098,
           0.2504714267712947,
           1.4286534737248529
          ],
          [
           0.21287344179502646,
           0.22642293172261285,
           0.09503577332285945,
           0.33169895414487194,
           0.13396889901462922,
           1.334950573166359
          ],
          [
           0.2516665320195521,
           0.037482172476305496,
           0.2514407734250911,
           0.22905898852306883,
           0.23035153355598242,
           1.5963729084962035
          ],
          [
           0.33576195125337893,
           0.10314219214317946,
           0.14697617535990626,
           0.17498524595968412,
           0.2391344352838514,
           1.5484258562412545
          ],
          [
           0.36290322814667814,
           0.3230047067184858,
           0.2536808367304724,
           0.03292821134571244,
           0.02748301705865112,
           1.5729147348916315
          ],
          [
           0.28211153723835564,
           0.17662300436094483,
           0.2634401726632078,
           0.06646570342262688,
           0.21135958231486493,
           1.6684189272058407
          ],
          [
           0.3956675073182781,
           0.18171224867259156,
           0.11464660756179061,
           0.21173680453537197,
           0.09623683191196773,
           1.483219309325164
          ],
          [
           0.08644992954805227,
           0.22927083599544096,
           0.15564141654802557,
           0.42219922930248416,
           0.10643858860599704,
           1.2207944435938394
          ],
          [
           0.07981149589099258,
           0.13931764026286014,
           0.3009514915151221,
           0.2749083460719402,
           0.20501102625908482,
           1.4526354572168307
          ],
          [
           0.11311401141298283,
           0.33116677207411443,
           0.1439813021107906,
           0.33659740418784645,
           0.07514051021426581,
           1.2455803035454531
          ],
          [
           0.07948364956790017,
           0.2625257885468755,
           0.19766083579682542,
           0.0339466618166794,
           0.4263830642717194,
           1.2131833587119898
          ],
          [
           0.3110693950693087,
           0.14726019949495792,
           0.31570469971069454,
           0.1093586480086967,
           0.11660705771634217,
           1.6988440447000845
          ],
          [
           0.09237065479599225,
           0.23138001208715944,
           0.32376909176468366,
           0.18788892385204659,
           0.16459131750011813,
           1.5111112808910192
          ],
          [
           0.057187613809977667,
           0.06535984010549938,
           0.31419478340462803,
           0.2557320712327535,
           0.3075256914471414,
           1.4291339203018572
          ],
          [
           0.3493121300311455,
           0.040547314835234334,
           0.22572522582853652,
           0.2512775265119624,
           0.13313780279312126,
           1.5711035686468626
          ],
          [
           0.3126213640270059,
           0.25966118722633735,
           0.22360560252694606,
           0.09642256599209731,
           0.10768928022761316,
           1.5803422983271245
          ],
          [
           0.2349885641771884,
           0.046769274744455316,
           0.2557989947385233,
           0.3976828368486845,
           0.06476032949114846,
           1.424713163964089
          ],
          [
           0.1855885268667223,
           0.28630782155895496,
           0.2171130510906151,
           0.18948278926412715,
           0.12150781121958057,
           1.4666995639323632
          ],
          [
           0.1352785834777881,
           0.02654640982877434,
           0.3729605524600126,
           0.2366035003263991,
           0.22861095390702582,
           1.6164397673598625
          ],
          [
           0.16203076274800224,
           0.008365017121149593,
           0.26605285737863893,
           0.21125201401049443,
           0.3522993487417148,
           1.523053495638774
          ],
          [
           0.048675996258708304,
           0.1426342510750896,
           0.36388905434920094,
           0.2796455326069118,
           0.1651551657100895,
           1.4501024230613728
          ],
          [
           0.3582799494906447,
           0.10183346492212124,
           0.06278374187447648,
           0.014283929268250867,
           0.4628189144445066,
           1.4158881653618074
          ],
          [
           0.06856266345246836,
           0.1565549022886757,
           0.2454044724809245,
           0.3550776962185056,
           0.1744002655594258,
           1.3323306974091425
          ],
          [
           0.13759080038189175,
           0.21572593204657287,
           0.04375205582541588,
           0.029110514189448246,
           0.5738206975566712,
           1.068901891064269
          ],
          [
           0.19221024741061288,
           0.26038071649325717,
           0.12237722284411401,
           0.218667114415521,
           0.206364698836495,
           1.3912238350069304
          ],
          [
           0.33426307284567996,
           0.25498787607463996,
           0.1566338959015618,
           0.2052933959947551,
           0.04882175918336308,
           1.467849555774148
          ],
          [
           0.28689074240570567,
           0.3566510509890695,
           0.03025049565796566,
           0.1922889997224979,
           0.13391871122476132,
           1.3408017703940773
          ],
          [
           0.27292802667156435,
           0.15161760825632078,
           0.28156004384358113,
           0.05273538859618433,
           0.24115893263234942,
           1.6917482084874655
          ],
          [
           0.2716983924626963,
           0.2134596444678384,
           0.19171333818309777,
           0.07003280482917532,
           0.25309582005719233,
           1.5682920810489154
          ],
          [
           0.27649045540961886,
           0.23840811833695297,
           0.14652745336754702,
           0.1304572526464835,
           0.2081167202393978,
           1.5057076944482857
          ],
          [
           0.14048032206392225,
           0.5169209327327065,
           0.22907178046734603,
           0.059533363102729726,
           0.05399360163329564,
           1.3104323296114104
          ],
          [
           0.2420172315502331,
           0.03819369344075432,
           0.028632825056765076,
           0.49200021957271567,
           0.19915603037953186,
           1.2636487246503967
          ],
          [
           0.33381684173987053,
           0.2996193958848116,
           0.005778939064572625,
           0.11994061166138592,
           0.24084421164935912,
           1.38132203405047
          ],
          [
           0.15172826380528998,
           0.08191904262367554,
           0.1170779868799643,
           0.24176892622641577,
           0.4075057804646544,
           1.3274413088372565
          ],
          [
           0.22217369698460257,
           0.24355449409002847,
           0.2229742957032116,
           0.16899756656926473,
           0.1422999466528926,
           1.5290629420232766
          ],
          [
           0.08254890324820127,
           0.3644339585963761,
           0.24966254909806973,
           0.02940522737041406,
           0.2739493616869389,
           1.3329933575162434
          ],
          [
           0.1581042886387263,
           0.1902708349737724,
           0.25135219170920997,
           0.08750088933297812,
           0.3127717953453132,
           1.5259808654842968
          ],
          [
           0.1662376431968347,
           0.16083658960721317,
           0.190855475149258,
           0.26941305020766615,
           0.21265724183902804,
           1.440806364616635
          ],
          [
           0.18841580907831632,
           0.07484163117907114,
           0.20187732160851798,
           0.31073694631793336,
           0.22412829181616134,
           1.4574642515304217
          ],
          [
           0.0801416104430028,
           0.2519547510515628,
           0.2780345575837839,
           0.1621006564119467,
           0.22776842450970367,
           1.448929125658712
          ],
          [
           0.018918651892949646,
           0.2462302305671707,
           0.3732509179085137,
           0.23942085316738088,
           0.12217934646398511,
           1.3928442137349382
          ],
          [
           0.28228346395436704,
           0.27068181157150745,
           0.13035256284364166,
           0.11271149111648006,
           0.20397067051400386,
           1.4849602277434577
          ],
          [
           0.18938158737305705,
           0.28198147750652613,
           0.182703665727053,
           0.17977316601814022,
           0.16616010337522366,
           1.4513598196818884
          ],
          [
           0.03566677121502582,
           0.0545954417683299,
           0.09124307434191911,
           0.2912672748275853,
           0.5272274378471399,
           1.0693030741420708
          ],
          [
           0.2269496603807828,
           0.250058978125897,
           0.24061011511994063,
           0.15855669943886422,
           0.12382454693451526,
           1.5460059054681552
          ],
          [
           0.16358010892389924,
           0.4779094588753259,
           0.016885872187241708,
           0.19504134781982624,
           0.14658321219370682,
           1.1936388660060835
          ],
          [
           0.36900083999401795,
           0.03780546219948745,
           0.25549445752311034,
           0.06732855714594142,
           0.27037068313744295,
           1.6980159018710983
          ],
          [
           0.21242690066509343,
           0.21466296099358087,
           0.07332767238117216,
           0.2451735531894765,
           0.2544089127706769,
           1.3630951208863336
          ],
          [
           0.2414535756544678,
           0.30763895237094957,
           0.14580289151091994,
           0.22213744843645453,
           0.08296713202720822,
           1.4063153012382155
          ],
          [
           0.2935806852409466,
           0.2470654467776777,
           0.1381406235536338,
           0.07473018912772204,
           0.24648305530001993,
           1.510936697612518
          ],
          [
           0.2128982290448905,
           0.2932464565242783,
           0.05780127389048527,
           0.2688107903387003,
           0.16724325020164568,
           1.3183783083724
          ],
          [
           0.0643373552137029,
           0.08904349752982406,
           0.3717719784248451,
           0.10259620495435419,
           0.37225096387727385,
           1.455532185165007
          ],
          [
           0.4157318514063768,
           0.14443767950175296,
           0.08248753378767562,
           0.1168829481061892,
           0.24045998719800538,
           1.5195100938559196
          ],
          [
           0.30130224105976494,
           0.17009551523133254,
           0.14322875638007584,
           0.34252957820524177,
           0.04284390912358503,
           1.3958744262839629
          ],
          [
           0.3181625614039857,
           0.25490539780471283,
           0.23756412371055788,
           0.07460476580000779,
           0.11476315128073566,
           1.605420707781635
          ],
          [
           0.3793760207027347,
           0.13297235342079233,
           0.3115776630698163,
           0.0822869881510375,
           0.09378697465561926,
           1.7018885337798093
          ],
          [
           0.19331188417027434,
           0.29468047019359805,
           0.12093318937012479,
           0.14411179014959002,
           0.24696266611641277,
           1.3953838962016132
          ],
          [
           0.1277580908793715,
           0.2692323403097337,
           0.04354482156281997,
           0.19128505018478706,
           0.3681796970632877,
           1.2195636100802718
          ],
          [
           0.10286092616748327,
           0.3633350156848358,
           0.20428545532221637,
           0.31450956070335756,
           0.015009042122106938,
           1.2544616221478857
          ],
          [
           0.2609582175715922,
           0.23867041665039063,
           0.09530866976642535,
           0.026578802499506993,
           0.37848389351208483,
           1.3984311336284516
          ],
          [
           0.1271241708145128,
           0.28726534911098006,
           0.2396438610110465,
           0.2014926116343541,
           0.14447400742910643,
           1.4358295745747403
          ],
          [
           0.3554707163782355,
           0.047432097186893084,
           0.3277753500296173,
           0.12578583339982885,
           0.14353600300542527,
           1.7281961783697084
          ],
          [
           0.10829455046296933,
           0.2265955263314591,
           0.3220818720409573,
           0.23393254838610536,
           0.10909550277850899,
           1.48595606768968
          ],
          [
           0.3234729081226484,
           0.3597049365562223,
           0.04731911427650904,
           0.1989684722790047,
           0.07053456876561544,
           1.3572527299748756
          ],
          [
           0.1202985246058275,
           0.04853236913099115,
           0.12218599396607166,
           0.46832613159190684,
           0.24065698070520294,
           1.245500733919036
          ],
          [
           0.13921774028428463,
           0.18949611852721523,
           0.1394480701305707,
           0.26589516773735516,
           0.26594290332057413,
           1.358652957454767
          ],
          [
           0.09647151584130349,
           0.21467893330370985,
           0.44735171038420773,
           0.22529549183592845,
           0.016202348634850518,
           1.504382709306909
          ],
          [
           0.11188120614011664,
           0.26437492400585,
           0.08421072611760956,
           0.35012756648007876,
           0.18940557725634488,
           1.2325309581147617
          ],
          [
           0.239085410508678,
           0.0929855718960865,
           0.21922498758064582,
           0.25231103771193986,
           0.19639299230264975,
           1.5377228891657013
          ],
          [
           0.08027538474555451,
           0.22321616977789982,
           0.39042436635968875,
           0.24596823350058591,
           0.06011584561627103,
           1.469683208077014
          ],
          [
           0.2133476704409289,
           0.17674046262123702,
           0.21835073906923944,
           0.1666592517001535,
           0.22490187616844118,
           1.5516954134772172
          ],
          [
           0.25131615566259413,
           0.30597068234758934,
           0.1498727871725409,
           0.061989271328039934,
           0.2308511034892357,
           1.476942285535113
          ],
          [
           0.3340748690978459,
           0.06002810799155673,
           0.4253070380971843,
           0.1340379301286419,
           0.04655205468477137,
           1.7352146719721906
          ],
          [
           0.23163406025818284,
           0.10411748232471231,
           0.09463575158360377,
           0.27695989409812827,
           0.2926528117353729,
           1.4018444974810214
          ],
          [
           0.1922854659854458,
           0.41921864332924563,
           0.10606108617277515,
