{
 "cells": [
  {
   "cell_type": "code",
   "execution_count": 9,
   "metadata": {},
   "outputs": [
    {
     "name": "stderr",
     "output_type": "stream",
     "text": [
      "[*********************100%%**********************]  5 of 5 completed\n"
     ]
    },
    {
     "data": {
      "text/html": [
       "<div>\n",
       "<style scoped>\n",
       "    .dataframe tbody tr th:only-of-type {\n",
       "        vertical-align: middle;\n",
       "    }\n",
       "\n",
       "    .dataframe tbody tr th {\n",
       "        vertical-align: top;\n",
       "    }\n",
       "\n",
       "    .dataframe thead th {\n",
       "        text-align: right;\n",
       "    }\n",
       "</style>\n",
       "<table border=\"1\" class=\"dataframe\">\n",
       "  <thead>\n",
       "    <tr style=\"text-align: right;\">\n",
       "      <th>Ticker</th>\n",
       "      <th>AAPL</th>\n",
       "      <th>BRK-B</th>\n",
       "      <th>GC=F</th>\n",
       "      <th>GOOGL</th>\n",
       "      <th>PFE.DE</th>\n",
       "    </tr>\n",
       "    <tr>\n",
       "      <th>Date</th>\n",
       "      <th></th>\n",
       "      <th></th>\n",
       "      <th></th>\n",
       "      <th></th>\n",
       "      <th></th>\n",
       "    </tr>\n",
       "  </thead>\n",
       "  <tbody>\n",
       "    <tr>\n",
       "      <th>2017-01-04</th>\n",
       "      <td>-0.001119</td>\n",
       "      <td>0.001526</td>\n",
       "      <td>0.002930</td>\n",
       "      <td>-0.000297</td>\n",
       "      <td>0.000474</td>\n",
       "    </tr>\n",
       "    <tr>\n",
       "      <th>2017-01-05</th>\n",
       "      <td>0.005085</td>\n",
       "      <td>-0.004754</td>\n",
       "      <td>0.013662</td>\n",
       "      <td>0.006499</td>\n",
       "      <td>-0.004895</td>\n",
       "    </tr>\n",
       "    <tr>\n",
       "      <th>2017-01-06</th>\n",
       "      <td>0.011148</td>\n",
       "      <td>0.000674</td>\n",
       "      <td>-0.006612</td>\n",
       "      <td>0.014994</td>\n",
       "      <td>0.007299</td>\n",
       "    </tr>\n",
       "    <tr>\n",
       "      <th>2017-01-09</th>\n",
       "      <td>0.009160</td>\n",
       "      <td>-0.008506</td>\n",
       "      <td>0.009898</td>\n",
       "      <td>0.002387</td>\n",
       "      <td>-0.001260</td>\n",
       "    </tr>\n",
       "    <tr>\n",
       "      <th>2017-01-10</th>\n",
       "      <td>0.001008</td>\n",
       "      <td>-0.003395</td>\n",
       "      <td>0.000591</td>\n",
       "      <td>-0.001414</td>\n",
       "      <td>-0.004259</td>\n",
       "    </tr>\n",
       "    <tr>\n",
       "      <th>...</th>\n",
       "      <td>...</td>\n",
       "      <td>...</td>\n",
       "      <td>...</td>\n",
       "      <td>...</td>\n",
       "      <td>...</td>\n",
       "    </tr>\n",
       "    <tr>\n",
       "      <th>2019-12-19</th>\n",
       "      <td>0.001001</td>\n",
       "      <td>0.000889</td>\n",
       "      <td>0.003803</td>\n",
       "      <td>0.003351</td>\n",
       "      <td>0.005747</td>\n",
       "    </tr>\n",
       "    <tr>\n",
       "      <th>2019-12-20</th>\n",
       "      <td>-0.002071</td>\n",
       "      <td>0.004884</td>\n",
       "      <td>-0.002368</td>\n",
       "      <td>-0.003848</td>\n",
       "      <td>0.020000</td>\n",
       "    </tr>\n",
       "    <tr>\n",
       "      <th>2019-12-23</th>\n",
       "      <td>0.016318</td>\n",
       "      <td>-0.003668</td>\n",
       "      <td>0.005289</td>\n",
       "      <td>-0.000437</td>\n",
       "      <td>-0.008403</td>\n",
       "    </tr>\n",
       "    <tr>\n",
       "      <th>2019-12-27</th>\n",
       "      <td>0.020422</td>\n",
       "      <td>0.002927</td>\n",
       "      <td>0.021113</td>\n",
       "      <td>0.002969</td>\n",
       "      <td>0.000000</td>\n",
       "    </tr>\n",
       "    <tr>\n",
       "      <th>2019-12-30</th>\n",
       "      <td>0.005935</td>\n",
       "      <td>-0.001680</td>\n",
       "      <td>0.000462</td>\n",
       "      <td>-0.011021</td>\n",
       "      <td>-0.002825</td>\n",
       "    </tr>\n",
       "  </tbody>\n",
       "</table>\n",
       "<p>736 rows × 5 columns</p>\n",
       "</div>"
      ],
      "text/plain": [
       "Ticker          AAPL     BRK-B      GC=F     GOOGL    PFE.DE\n",
       "Date                                                        \n",
       "2017-01-04 -0.001119  0.001526  0.002930 -0.000297  0.000474\n",
       "2017-01-05  0.005085 -0.004754  0.013662  0.006499 -0.004895\n",
       "2017-01-06  0.011148  0.000674 -0.006612  0.014994  0.007299\n",
       "2017-01-09  0.009160 -0.008506  0.009898  0.002387 -0.001260\n",
       "2017-01-10  0.001008 -0.003395  0.000591 -0.001414 -0.004259\n",
       "...              ...       ...       ...       ...       ...\n",
       "2019-12-19  0.001001  0.000889  0.003803  0.003351  0.005747\n",
       "2019-12-20 -0.002071  0.004884 -0.002368 -0.003848  0.020000\n",
       "2019-12-23  0.016318 -0.003668  0.005289 -0.000437 -0.008403\n",
       "2019-12-27  0.020422  0.002927  0.021113  0.002969  0.000000\n",
       "2019-12-30  0.005935 -0.001680  0.000462 -0.011021 -0.002825\n",
       "\n",
       "[736 rows x 5 columns]"
      ]
     },
     "execution_count": 9,
     "metadata": {},
     "output_type": "execute_result"
    }
   ],
   "source": [
    "import pandas as pd\n",
    "import numpy as np\n",
    "import plotly.graph_objects as go \n",
    "import yfinance as yf\n",
    "\n",
    "\n",
    "tickers = ['AAPL' , 'GOOGL', 'BRK-B' , 'PFE.DE','GC=F'] #definimos os tickers das ações \n",
    "## Ações \n",
    "prices = yf.download(tickers=tickers , start = '2017-01-01', end='2020-01-01')['Adj Close']\n",
    "prices.dropna(inplace=True)\n",
    "\n",
    "returns = (prices/prices.shift(1) -1)\n",
    "returns.dropna(inplace=True)\n",
    "ativos = returns.columns.to_list()\n",
    "returns\n"
   ]
  },
  {
   "cell_type": "code",
   "execution_count": 10,
   "metadata": {},
   "outputs": [],
   "source": [
    "### starting portfolio simulation\n",
    "number_sim = 3000\n",
    "weight = np.zeros((number_sim, len(tickers)))\n",
    "Sigma = returns.cov() # matriz de covariancia\n",
    "mean_returns = returns.mean()\n",
    "\n",
    "expected_return = np.zeros(number_sim)\n",
    "expected_risk = np.zeros(number_sim)\n",
    "sharpe_ratio  = np.zeros(number_sim)\n",
    "\n",
    "\n",
    "\n",
    "\n",
    "\n",
    "for k in range(number_sim):\n",
    "    # gerar pesos aleatórios e normalizados\n",
    "    w = np.array(np.random.random(len(tickers)))\n",
    "    w= w/np.sum(w)\n",
    "    weight[k,:]= w \n",
    "\n",
    "    #retorno log esperado:\n",
    "    expected_return[k] = np.sum( mean_returns *w) *252 # anualizado\n",
    "\n",
    "    # risco: \n",
    "    #expected_risk  = w.T @ Sigma @ w\n",
    "    expected_risk[k]  = np.sqrt(np.dot(w.T, np.dot(Sigma, w)) * 252) \n",
    "\n",
    "    sharpe_ratio[k]   = expected_return[k]/ expected_risk[k]\n"
   ]
  },
  {
   "cell_type": "code",
   "execution_count": 11,
   "metadata": {},
   "outputs": [
    {
     "data": {
      "text/html": [
       "<div>\n",
       "<style scoped>\n",
       "    .dataframe tbody tr th:only-of-type {\n",
       "        vertical-align: middle;\n",
       "    }\n",
       "\n",
       "    .dataframe tbody tr th {\n",
       "        vertical-align: top;\n",
       "    }\n",
       "\n",
       "    .dataframe thead th {\n",
       "        text-align: right;\n",
       "    }\n",
       "</style>\n",
       "<table border=\"1\" class=\"dataframe\">\n",
       "  <thead>\n",
       "    <tr style=\"text-align: right;\">\n",
       "      <th></th>\n",
       "      <th>AAPL</th>\n",
       "      <th>GOOGL</th>\n",
       "      <th>BRK-B</th>\n",
       "      <th>PFE.DE</th>\n",
       "      <th>GC=F</th>\n",
       "      <th>Expected Return(%)</th>\n",
       "      <th>Risk(%)</th>\n",
       "      <th>Sharpe Ratio</th>\n",
       "    </tr>\n",
       "  </thead>\n",
       "  <tbody>\n",
       "    <tr>\n",
       "      <th>0</th>\n",
       "      <td>0.293615</td>\n",
       "      <td>0.221730</td>\n",
       "      <td>0.333244</td>\n",
       "      <td>0.069658</td>\n",
       "      <td>0.081753</td>\n",
       "      <td>18.791010</td>\n",
       "      <td>11.139459</td>\n",
       "      <td>1.686887</td>\n",
       "    </tr>\n",
       "    <tr>\n",
       "      <th>1</th>\n",
       "      <td>0.208570</td>\n",
       "      <td>0.227112</td>\n",
       "      <td>0.101757</td>\n",
       "      <td>0.083599</td>\n",
       "      <td>0.378963</td>\n",
       "      <td>16.658172</td>\n",
       "      <td>12.170946</td>\n",
       "      <td>1.368683</td>\n",
       "    </tr>\n",
       "    <tr>\n",
       "      <th>2</th>\n",
       "      <td>0.088134</td>\n",
       "      <td>0.245546</td>\n",
       "      <td>0.160246</td>\n",
       "      <td>0.406266</td>\n",
       "      <td>0.099807</td>\n",
       "      <td>16.879047</td>\n",
       "      <td>13.737668</td>\n",
       "      <td>1.228669</td>\n",
       "    </tr>\n",
       "    <tr>\n",
       "      <th>3</th>\n",
       "      <td>0.403076</td>\n",
       "      <td>0.106010</td>\n",
       "      <td>0.232746</td>\n",
       "      <td>0.094317</td>\n",
       "      <td>0.163852</td>\n",
       "      <td>21.619618</td>\n",
       "      <td>13.029576</td>\n",
       "      <td>1.659273</td>\n",
       "    </tr>\n",
       "    <tr>\n",
       "      <th>4</th>\n",
       "      <td>0.320809</td>\n",
       "      <td>0.208299</td>\n",
       "      <td>0.065410</td>\n",
       "      <td>0.191850</td>\n",
       "      <td>0.213632</td>\n",
       "      <td>20.713894</td>\n",
       "      <td>14.390577</td>\n",
       "      <td>1.439407</td>\n",
       "    </tr>\n",
       "    <tr>\n",
       "      <th>...</th>\n",
       "      <td>...</td>\n",
       "      <td>...</td>\n",
       "      <td>...</td>\n",
       "      <td>...</td>\n",
       "      <td>...</td>\n",
       "      <td>...</td>\n",
       "      <td>...</td>\n",
       "      <td>...</td>\n",
       "    </tr>\n",
       "    <tr>\n",
       "      <th>995</th>\n",
       "      <td>0.233695</td>\n",
       "      <td>0.276233</td>\n",
       "      <td>0.300415</td>\n",
       "      <td>0.020866</td>\n",
       "      <td>0.168791</td>\n",
       "      <td>16.837759</td>\n",
       "      <td>10.238026</td>\n",
       "      <td>1.644629</td>\n",
       "    </tr>\n",
       "    <tr>\n",
       "      <th>996</th>\n",
       "      <td>0.270233</td>\n",
       "      <td>0.245712</td>\n",
       "      <td>0.160884</td>\n",
       "      <td>0.259058</td>\n",
       "      <td>0.064113</td>\n",
       "      <td>20.187882</td>\n",
       "      <td>14.121403</td>\n",
       "      <td>1.429595</td>\n",
       "    </tr>\n",
       "    <tr>\n",
       "      <th>997</th>\n",
       "      <td>0.174797</td>\n",
       "      <td>0.082999</td>\n",
       "      <td>0.540312</td>\n",
       "      <td>0.182545</td>\n",
       "      <td>0.019345</td>\n",
       "      <td>16.445315</td>\n",
       "      <td>9.868163</td>\n",
       "      <td>1.666502</td>\n",
       "    </tr>\n",
       "    <tr>\n",
       "      <th>998</th>\n",
       "      <td>0.270229</td>\n",
       "      <td>0.280837</td>\n",
       "      <td>0.008956</td>\n",
       "      <td>0.139617</td>\n",
       "      <td>0.300362</td>\n",
       "      <td>19.020757</td>\n",
       "      <td>14.174637</td>\n",
       "      <td>1.341887</td>\n",
       "    </tr>\n",
       "    <tr>\n",
       "      <th>999</th>\n",
       "      <td>0.174678</td>\n",
       "      <td>0.095786</td>\n",
       "      <td>0.268570</td>\n",
       "      <td>0.301191</td>\n",
       "      <td>0.159776</td>\n",
       "      <td>17.678116</td>\n",
       "      <td>11.788676</td>\n",
       "      <td>1.499585</td>\n",
       "    </tr>\n",
       "  </tbody>\n",
       "</table>\n",
       "<p>1000 rows × 8 columns</p>\n",
       "</div>"
      ],
      "text/plain": [
       "         AAPL     GOOGL     BRK-B    PFE.DE      GC=F  Expected Return(%)  \\\n",
       "0    0.293615  0.221730  0.333244  0.069658  0.081753           18.791010   \n",
       "1    0.208570  0.227112  0.101757  0.083599  0.378963           16.658172   \n",
       "2    0.088134  0.245546  0.160246  0.406266  0.099807           16.879047   \n",
       "3    0.403076  0.106010  0.232746  0.094317  0.163852           21.619618   \n",
       "4    0.320809  0.208299  0.065410  0.191850  0.213632           20.713894   \n",
       "..        ...       ...       ...       ...       ...                 ...   \n",
       "995  0.233695  0.276233  0.300415  0.020866  0.168791           16.837759   \n",
       "996  0.270233  0.245712  0.160884  0.259058  0.064113           20.187882   \n",
       "997  0.174797  0.082999  0.540312  0.182545  0.019345           16.445315   \n",
       "998  0.270229  0.280837  0.008956  0.139617  0.300362           19.020757   \n",
       "999  0.174678  0.095786  0.268570  0.301191  0.159776           17.678116   \n",
       "\n",
       "       Risk(%)  Sharpe Ratio  \n",
       "0    11.139459      1.686887  \n",
       "1    12.170946      1.368683  \n",
       "2    13.737668      1.228669  \n",
       "3    13.029576      1.659273  \n",
       "4    14.390577      1.439407  \n",
       "..         ...           ...  \n",
       "995  10.238026      1.644629  \n",
       "996  14.121403      1.429595  \n",
       "997   9.868163      1.666502  \n",
       "998  14.174637      1.341887  \n",
       "999  11.788676      1.499585  \n",
       "\n",
       "[1000 rows x 8 columns]"
      ]
     },
     "execution_count": 11,
     "metadata": {},
     "output_type": "execute_result"
    }
   ],
   "source": [
    "import numpy as np\n",
    "import pandas as pd\n",
    "\n",
    "# Assumindo que 'returns' é o DataFrame com os retornos diários das ações\n",
    "# e que 'returns' já foi carregado anteriormente\n",
    "\n",
    "number_sim = 1000\n",
    "num_assets = len(tickers)  # Número de ativos\n",
    "weight = np.zeros((number_sim, num_assets))\n",
    "Sigma = returns.cov() # matriz de covariancia\n",
    "mean_returns = returns.mean()\n",
    "\n",
    "expected_return = np.zeros(number_sim)\n",
    "expected_risk = np.zeros(number_sim)\n",
    "sharpe_ratio = np.zeros(number_sim)\n",
    "\n",
    "for k in range(number_sim):\n",
    "    # Gerar pesos aleatórios e normalizados\n",
    "    w = np.random.random(num_assets)\n",
    "    w = w / np.sum(w)\n",
    "    weight[k, :] = w \n",
    "\n",
    "    # Retorno log esperado (anualizado)\n",
    "    expected_return[k] = np.sum(mean_returns * w) * 252\n",
    "\n",
    "    # Risco (anualizado)\n",
    "    expected_risk[k] = np.sqrt(np.dot(w.T, np.dot(Sigma, w)) * 252)\n",
    "\n",
    "    # Índice de Sharpe\n",
    "    sharpe_ratio[k] = (expected_return[k] / expected_risk[k]) \n",
    "\n",
    "# Criar DataFrame\n",
    "portfolio_df = pd.DataFrame(weight, columns=[f'{tickers[i]}' for i in range(num_assets)])\n",
    "portfolio_df['Expected Return(%)'] = expected_return*100\n",
    "portfolio_df['Risk(%)'] = expected_risk *100\n",
    "portfolio_df['Sharpe Ratio'] = sharpe_ratio\n",
    "\n",
    "\n",
    "\n",
    "portfolio_df\n"
   ]
  },
  {
   "cell_type": "code",
   "execution_count": 12,
   "metadata": {},
   "outputs": [
    {
     "data": {
      "application/vnd.plotly.v1+json": {
       "config": {
        "plotlyServerURL": "https://plot.ly"
       },
       "data": [
        {
         "customdata": [
          [
           0.29361520932021873,
           0.22172973128611045,
           0.3332438775669406,
           0.06965786190430773,
           0.08175331992242231,
           1.686887149183203
          ],
          [
           0.20857037595672187,
           0.227111677289825,
           0.1017568163663886,
           0.08359854923232701,
           0.3789625811547375,
           1.368683419087148
          ],
          [
           0.08813412054771486,
           0.24554577000939964,
           0.16024630935023693,
           0.40626635891037405,
           0.09980744118227448,
           1.228669044002735
          ],
          [
           0.40307591802024184,
           0.10601014139880968,
           0.23274558887091368,
           0.0943165980188426,
           0.1638517536911922,
           1.6592725790057001
          ],
          [
           0.32080885707713785,
           0.2082986830920922,
           0.06541003083561431,
           0.1918502798827483,
           0.21363214911240722,
           1.4394067669414228
          ],
          [
           0.03526297794580558,
           0.14048818538053962,
           0.28606455677131415,
           0.2696186039466211,
           0.2685656759557195,
           1.3683873873858665
          ],
          [
           0.43490830806141906,
           0.20945270916994016,
           0.05908254377765079,
           0.28254389247647393,
           0.0140125465145159,
           1.3949848275335897
          ],
          [
           0.12853521671994397,
           0.014614620539389419,
           0.13000361229010257,
           0.5537971539906533,
           0.17304939645991088,
           1.2065551000090138
          ],
          [
           0.19404280017742317,
           0.08453434961836138,
           0.20440823069740688,
           0.38929291353981205,
           0.1277217059669966,
           1.392715702266238
          ],
          [
           0.3672536877874889,
           0.38658349653725776,
           0.05639905256257092,
           0.012096901010667497,
           0.17766686210201496,
           1.4172021650251472
          ],
          [
           0.08782610170947538,
           0.07174292323274145,
           0.023256011149897435,
           0.4208600817775674,
           0.39631488213031835,
           1.138704607609495
          ],
          [
           0.0715531028993877,
           0.09181784221315208,
           0.3129451433386356,
           0.4463560996982556,
           0.077327811850569,
           1.2936181840357726
          ],
          [
           0.20151677120922565,
           0.20212621741052433,
           0.22316620001834017,
           0.27725875345003065,
           0.09593205791187925,
           1.4552169562948696
          ],
          [
           0.2236096232355864,
           0.20087272348259497,
           0.21189775442782832,
           0.06255134380726478,
           0.30106855504672553,
           1.5485686954295077
          ],
          [
           0.08674215875461556,
           0.3204053306161419,
           0.1563767119506009,
           0.31084809147180403,
           0.12562770720683752,
           1.2544023141892922
          ],
          [
           0.0379324306402416,
           0.179877150623345,
           0.14098206961730778,
           0.3734118327696396,
           0.2677965163494662,
           1.1974701775458387
          ],
          [
           0.1327285688849512,
           0.3347038334226681,
           0.21287916158361317,
           0.252127785436283,
           0.06756065067248465,
           1.3505979585530723
          ],
          [
           0.1431911277349213,
           0.19040023012024015,
           0.3413371640663528,
           0.32123356976483086,
           0.0038379083136550448,
           1.419958064430976
          ],
          [
           0.3213738928424408,
           0.11495651715434012,
           0.1326479335041552,
           0.3895056667075119,
           0.04151598979155208,
           1.3793280352148827
          ],
          [
           0.23664915461296976,
           0.2884612558896411,
           0.06716596565731316,
           0.35262777433866305,
           0.055095849501412955,
           1.2865508240491899
          ],
          [
           0.28222500721474547,
           0.0625119145637127,
           0.19433447278860394,
           0.4023401463682267,
           0.058588459064711294,
           1.4041313510957807
          ],
          [
           0.3048544498084244,
           0.041370116787711804,
           0.08750069719947585,
           0.2517109396788498,
           0.31456379652553806,
           1.451465657912252
          ],
          [
           0.03584720555172345,
           0.24923907749003327,
           0.2703006288608026,
           0.25236676238602285,
           0.19224632571141784,
           1.3433203219228598
          ],
          [
           0.24741374539802702,
           0.2789433039243624,
           0.07661194441566929,
           0.12756987149003915,
           0.2694611347719021,
           1.398360685799285
          ],
          [
           0.019274362174709875,
           0.29390293956949276,
           0.26096824935878465,
           0.15276660839227515,
           0.2730878405047377,
           1.2923230896586084
          ],
          [
           0.12074991579811323,
           0.16597732275339477,
           0.2576853903475656,
           0.14980793176827428,
           0.3057794393326521,
           1.4919833221358307
          ],
          [
           0.24761953004228926,
           0.28017165302047903,
           0.276665519770326,
           0.19449706809753045,
           0.0010462290693751858,
           1.4975391547609136
          ],
          [
           0.01509878820228715,
           0.130377219652362,
           0.2731311022372111,
           0.25525539751965187,
           0.3261374923884878,
           1.3046669059634968
          ],
          [
           0.126376795307181,
           0.22264421469443066,
           0.23476755253562667,
           0.322084737543809,
           0.09412669991895256,
           1.3713903189644816
          ],
          [
           0.257750548737823,
           0.21727031145084338,
           0.0387284931322275,
           0.2462235648610328,
           0.2400270818180733,
           1.36275831061784
          ],
          [
           0.13370783718232995,
           0.3301380854977517,
           0.010865438499624102,
           0.2793907369701054,
           0.24589790185018887,
           1.1979992025768988
          ],
          [
           0.3321379005376819,
           0.1387185244125115,
           0.10640057737883668,
           0.13912182345447435,
           0.2836211742164954,
           1.5092525516720745
          ],
          [
           0.03868359151960409,
           0.13149554957810872,
           0.321849364110293,
           0.30064825777769205,
           0.20732323701430208,
           1.3946416989189283
          ],
          [
           0.11097357284188622,
           0.3030002042797785,
           0.15414545435468174,
           0.20527131981407365,
           0.22660944870957989,
           1.3302612902714512
          ],
          [
           0.18265927723371211,
           0.14123075590567385,
           0.2856838485668901,
           0.16936394333113938,
           0.2210621749625845,
           1.6100741678104322
          ],
          [
           0.20471345070080224,
           0.21008635287676816,
           0.08861294834347215,
           0.44216203240477336,
           0.054425215674184145,
           1.2549651742596597
          ],
          [
           0.23228390504413815,
           0.11863275889021425,
           0.14488674948232033,
           0.14378148814877736,
           0.36041509843454983,
           1.4696571370620053
          ],
          [
           0.26161164751463506,
           0.33476173336099624,
           0.18818309557104138,
           0.15535513263742023,
           0.06008839091590709,
           1.4599761831308513
          ],
          [
           0.29002903464731233,
           0.16059750596591899,
           0.022574808348877554,
           0.28243014446264364,
           0.24436850657524756,
           1.366796545416278
          ],
          [
           0.2966796999319696,
           0.15114308094829207,
           0.10561877282870223,
           0.26965370250725496,
           0.17690474378378113,
           1.4425495253336627
          ],
          [
           0.22552909226644424,
           0.15514242343275572,
           0.2087339617273985,
           0.15217268554496974,
           0.2584218370284318,
           1.557545775076928
          ],
          [
           0.2583783133531569,
           0.0939292251779992,
           0.290776888880039,
           0.28331203218891027,
           0.07360354039989463,
           1.5430438087582923
          ],
          [
           0.10200772650989279,
           0.06215201464683866,
           0.37674110563118357,
           0.1847427311985372,
           0.2743564220135477,
           1.6029960628091806
          ],
          [
           0.17119586442341728,
           0.06321388853706543,
           0.33278812261645413,
           0.39644152621267476,
           0.036360598210388485,
           1.4145926414987542
          ],
          [
           0.08612089341843901,
           0.1599218800557991,
           0.1445774393448573,
           0.29782559739166947,
           0.3115541897892351,
           1.28725616767211
          ],
          [
           0.21417910334617696,
           0.28614211065335127,
           0.25911812479924773,
           0.037862157066427884,
           0.20269850413479631,
           1.5816911940411886
          ],
          [
           0.3062605874962324,
           0.28553108615428296,
           0.18068979505898292,
           0.1760653251647218,
           0.05145320612577999,
           1.4807798564570476
          ],
          [
           0.5460089872383226,
           0.0541448683281648,
           0.3711267591238197,
           0.014502362923848888,
           0.014217022385843932,
           1.6962565350739056
          ],
          [
           0.17890539198311495,
           0.19216614215736894,
           0.24984382888462553,
           0.22078066402328658,
           0.15830397295160406,
           1.5205444299599207
          ],
          [
           0.14422929526344713,
           0.16318509960991243,
           0.1064779147981098,
           0.28606205039606947,
           0.30004563993246114,
           1.3247578134316413
          ],
          [
           0.31953519132460373,
           0.38987790421665935,
           0.07642706275236752,
           0.16757494340063397,
           0.04658489830573525,
           1.368688591644364
          ],
          [
           0.046428084853892646,
           0.380579474949857,
           0.3083166140055021,
           0.2589664613439659,
           0.005709364846782465,
           1.268563330383977
          ],
          [
           0.2423481606700585,
           0.0988416064605809,
           0.24108706978866304,
           0.23903897946606795,
           0.1786841836146296,
           1.5641915878316202
          ],
          [
           0.02749835390106681,
           0.12603694404695834,
           0.41683081652376897,
           0.09185501265043067,
           0.33777887287777525,
           1.426996294110869
          ],
          [
           0.3475481700824377,
           0.18137711097417533,
           0.11858079477345626,
           0.13853656019100669,
           0.21395736397892384,
           1.5213616690017264
          ],
          [
           0.14127937819046926,
           0.21727792675683255,
           0.43368500847791047,
           0.10571869738260752,
           0.10203898919218016,
           1.6842653337146603
          ],
          [
           0.282886301594971,
           0.22827733187218704,
           0.31428724558903753,
           0.15367272342678243,
           0.020876397517022045,
           1.5915860066928782
          ],
          [
           0.003457561679882271,
           0.41592464270491386,
           0.08295908120783636,
           0.02011820505477899,
           0.4775405093525885,
           0.8901023266266626
          ],
          [
           0.13630176515050654,
           0.25836889933841933,
           0.27672879792335753,
           0.14899437688197256,
           0.17960616070574414,
           1.5232067149257402
          ],
          [
           0.2078407446584876,
           0.14773996233616116,
           0.1623822416206802,
           0.29083688211634734,
           0.1912001692683237,
           1.4348972261698947
          ],
          [
           0.21837465988788032,
           0.1448097732257122,
           0.06310576750678182,
           0.3668656290661218,
           0.20684417031350388,
           1.3223478931860533
          ],
          [
           0.3636389379264456,
           0.19876191312460914,
           0.09098720650626939,
           0.09827359496527203,
           0.2483383474774038,
           1.5044208924925162
          ],
          [
           0.36184401074384265,
           0.058594365845012854,
           0.11216816428350262,
           0.24550392381265726,
           0.22188953531498457,
           1.5001730738772097
          ],
          [
           0.259659856013871,
           0.27950042028173383,
           0.14504725061041268,
           0.24176988903826221,
           0.07402258405572017,
           1.413682158488632
          ],
          [
           0.30725521593794497,
           0.15308957508516766,
           0.18967060784930007,
           0.2588797669493619,
           0.09110483417822532,
           1.498802463885292
          ],
          [
           0.12530624116786102,
           0.13589008193555033,
           0.40783341724748134,
           0.2759038205709548,
           0.05506643907815257,
           1.524040219080492
          ],
          [
           0.0037042730143423126,
           0.1461895159581489,
           0.2206643592637598,
           0.21467153181948803,
           0.41477031994426095,
           1.1801987292540965
          ],
          [
           0.2804752244141924,
           0.3018868553429551,
           0.0007345709542021334,
           0.11483719932032115,
           0.3020661499683292,
           1.3361544577762128
          ],
          [
           0.024566350571325175,
           0.33935101481151575,
           0.00890845273780279,
           0.3523510306717835,
           0.2748231512075727,
           1.0518394941064544
          ],
          [
           0.35284871528947126,
           0.10790730070372236,
           0.047655862097736194,
           0.37848407300482806,
           0.11310404890424224,
           1.364741395020223
          ],
          [
           0.12599583578491688,
           0.009793825321197878,
           0.3353168758986566,
           0.14136014982413114,
           0.3875333131710974,
           1.5276650751607446
          ],
          [
           0.29504761076092667,
           0.030949454426796294,
           0.04385408831468699,
           0.3552679781748152,
           0.274880868322775,
           1.3712638532129207
          ],
          [
           0.26512163935873656,
           0.19494173846169738,
           0.2253034141218402,
           0.24831780055609215,
           0.06631540750163371,
           1.4976667615679105
          ],
          [
           0.3426664935364144,
           0.012059748608591644,
           0.22224550702908863,
           0.18762738222168376,
           0.23540086860422144,
           1.6228495590427416
          ],
          [
           0.28881060437509143,
           0.014623346923811063,
           0.39478522397157945,
           0.13640949166476835,
           0.16537133306474966,
           1.7793473829038648
          ],
          [
           0.20905042886303415,
           0.3311998498994816,
           0.0019298044637018148,
           0.1981233889756948,
           0.2596965277980877,
           1.2725053563859152
          ],
          [
           0.0004998340723004506,
           0.18455168515564044,
           0.3021856579299186,
           0.2949305140580748,
           0.21783230878406562,
           1.3079349719549451
          ],
          [
           0.1623481639893867,
           0.2683942060128343,
           0.34969213681491157,
           0.13742705808862135,
           0.08213843509424616,
           1.5866683335847325
          ],
          [
           0.2813854440305691,
           0.26037445336174264,
           0.038886119399225226,
           0.20636933380420555,
           0.21298464940425763,
           1.3779166205862383
          ],
          [
           0.27677152476568256,
           0.3423485587167812,
           0.005750685942167606,
           0.11492880000683306,
           0.2602004305685356,
           1.331895096848151
          ],
          [
           0.3679332679971636,
           0.3076315024209811,
           0.06100081079838232,
           0.01709067966014277,
           0.24634373912333024,
           1.4492736524478098
          ],
          [
           0.06531061475308812,
           0.2908246096077684,
           0.1557406845190459,
           0.19028775304242254,
           0.29783633807767507,
           1.261662306432374
          ],
          [
           0.049996701932324,
           0.0995428404837556,
           0.26560366087932463,
           0.303678500274115,
           0.2811782964304808,
           1.358903852768125
          ],
          [
           0.279116828290494,
           0.2855644973092122,
           0.19967865035637666,
           0.11477051068964945,
           0.12086951335426761,
           1.5336338422610762
          ],
          [
           0.04751525324775771,
           0.13532625310570817,
           0.295810492979177,
           0.28094170035665683,
           0.2404063003107003,
           1.3971651088785086
          ],
          [
           0.03972940931296117,
           0.4594811516485667,
           0.02500506226090428,
           0.2133119069296718,
           0.2624724698478961,
           1.0566626357456321
          ],
          [
           0.2366147029309574,
           0.25889511189643577,
           0.041206143947425077,
           0.09666053727941643,
           0.36662350394576537,
           1.3328361547035648
          ],
          [
           0.07759033311245707,
           0.17275303839393877,
           0.3463107073209645,
           0.2957858731565959,
           0.10756004801604388,
           1.439335284801436
          ],
          [
           0.16655208962246737,
           0.23974978314327455,
           0.2500415443475055,
           0.3031452176805966,
           0.040511365206155794,
           1.400529363603928
          ],
          [
           0.25939777441685846,
           0.20999088031600407,
           0.16457707917016612,
           0.2698957313261025,
           0.09613853477086881,
           1.4423784367234904
          ],
          [
           0.17108087151273477,
           0.07426848689449492,
           0.43737958226495877,
           0.23598335552517388,
           0.08128770380263765,
           1.6386444821529054
          ],
          [
           0.10672409986590034,
           0.09707319104576674,
           0.24678611204296946,
           0.2532930823924653,
           0.2961235146528982,
           1.4429226480226995
          ],
          [
           0.1860265720872229,
           0.1948440527880741,
           0.30052138586312654,
           0.14715739654106577,
           0.17145059272051075,
           1.6193064289403645
          ],
          [
           0.0536206929719341,
           0.16344168361100628,
           0.27722991179990625,
           0.1393482901270457,
           0.36635942149010775,
           1.3590042111854748
          ],
          [
           0.09116015778518403,
           0.40722294603491505,
           0.3665826620354512,
           0.06788079928872577,
           0.06715343485572377,
           1.4373358316672054
          ],
          [
           0.03134812838849379,
           0.18590792700605516,
           0.2839333760684046,
           0.30730077099678305,
           0.1915097975402634,
           1.3377983966174676
          ],
          [
           0.22241659369484074,
           0.0973352600740263,
           0.0883601334650862,
           0.40449390351572756,
           0.18739410925031919,
           1.3293205641333168
          ],
          [
           0.539728741297292,
           0.025785930144119305,
           0.08954437545225354,
           0.14358026914756608,
           0.20136068395876924,
           1.5439120112929559
          ],
          [
           0.10787209020787154,
           0.17642363824891077,
           0.24307499930719864,
           0.238275993835173,
           0.23435327840084594,
           1.445853575222191
          ],
          [
           0.3259525865599064,
           0.18030297567470027,
           0.229979911548714,
           0.03547280902771349,
           0.2282917171889659,
           1.6490192389349771
          ],
          [
           0.23867883700590503,
           0.3526375292255688,
           0.005939353405897918,
           0.06821435492378392,
           0.3345299254388444,
           1.2799295648679376
          ],
          [
           0.14457166517092995,
           0.5220284687527984,
           0.20545242050816917,
           0.07153378346558575,
           0.05641366210251676,
           1.2944601994047156
          ],
          [
           0.3528027059945346,
           0.2676690455732942,
           0.07185182581717553,
           0.1472782447911037,
           0.16039817782389199,
           1.4499710762396492
          ],
          [
           0.3182548146650582,
           0.016496056677125222,
           0.515374379917797,
           0.08697279559135182,
           0.0629019531486676,
           1.8094500718083455
          ],
          [
           0.483720417390081,
           0.2520795547466495,
           0.10928964180656316,
           0.11680545168920489,
           0.03810493436750157,
           1.4902883955226978
          ],
          [
           0.10041514196054623,
           0.22404470479606034,
           0.2277828499627514,
           0.42473926467556783,
           0.023018038605074086,
           1.2507236934318777
          ],
          [
           0.2591738068643151,
           0.2840217971638451,
           0.055660651506989435,
           0.23101248137061856,
           0.17013126309423182,
           1.3627724719083314
          ],
          [
           0.03379787958162324,
           0.33393195684147636,
           0.18062662905543223,
           0.17437513516191347,
           0.2772683993595547,
           1.2248221961343257
          ],
          [
           0.2147269360975442,
           0.28641789388263017,
           0.24745893029939986,
           0.19392062810790253,
           0.05747561161252327,
           1.486409636182507
          ],
          [
           0.01586888285987963,
           0.24145120262312292,
           0.2737490125143811,
           0.23729137324234822,
           0.2316395287602682,
           1.3184998522287834
          ],
          [
           0.28820202443662657,
           0.23225322839046691,
           0.21738690272588077,
           0.19747234379378947,
           0.06468550065323633,
           1.5172295836940444
          ],
          [
           0.161923617725664,
           0.32855895556436343,
           0.1407069119349355,
           0.36134227578296263,
           0.007468238992074418,
           1.2527161227707169
          ],
          [
           0.1407674755566132,
           0.2770490033292885,
           0.07196364214946505,
           0.34233282949649263,
           0.16788704946814065,
           1.2485942617629289
          ],
          [
           0.22919730042981132,
           0.27494865785072103,
